scenario,scale,regime,real_pct,synthetic_pct,eval_domain,eval_dataset,metric,class,FasterRCNN,YOLOv8m,architecture_gap
ADD,large,hybrid_30_70,30,70,external,KITTI,AP_50,all,0.4265598851175493,0.4614864534514298,0.034926568333880526
ADD,large,hybrid_30_70,30,70,external,KITTI,AP_50,car,0.7709348960534781,0.7822934409449438,0.011358544891465705
ADD,large,hybrid_30_70,30,70,external,KITTI,AP_50,cyclist,0.0496429172723734,0.0673675403744271,0.0177246231020537
ADD,large,hybrid_30_70,30,70,external,KITTI,AP_50,pedestrian,0.4591018420267964,0.5347983790349187,0.07569653700812229
ADD,large,hybrid_30_70,30,70,external,KITTI,AP_50_95,all,0.2094588492370751,0.2412878876435444,0.03182903840646928
ADD,large,hybrid_30_70,30,70,external,KITTI,AP_50_95,car,0.4449075931074016,0.4665860969725753,0.021678503865173726
ADD,large,hybrid_30_70,30,70,external,KITTI,AP_50_95,cyclist,0.0080476618032397,0.0117296990748688,0.0036820372716291003
ADD,large,hybrid_30_70,30,70,external,KITTI,AP_50_95,pedestrian,0.1754212928005839,0.2455478668831892,0.07012657408260528
ADD,large,hybrid_30_70,30,70,external,KITTI,AP_75,all,0.1894495203787599,0.2300304935782502,0.040580973199490306
ADD,large,hybrid_30_70,30,70,external,KITTI,AP_75,car,0.4761464047311292,0.4958030831768059,0.0196566784456767
ADD,large,hybrid_30_70,30,70,external,KITTI,AP_75,cyclist,0.0001336660055757,0.0006733763139795,0.0005397103084038
ADD,large,hybrid_30_70,30,70,external,KITTI,AP_75,pedestrian,0.0920684903995747,0.1936150212439652,0.10154653084439051
ADD,large,hybrid_30_70,30,70,external,KITTI,AR_1,all,0.1129368195766635,0.1202875044046046,0.007350684827941101
ADD,large,hybrid_30_70,30,70,external,KITTI,AR_1,car,,0.1532756080695108,
ADD,large,hybrid_30_70,30,70,external,KITTI,AR_1,cyclist,,0.0422864167178856,
ADD,large,hybrid_30_70,30,70,external,KITTI,AR_1,pedestrian,,0.1653004884264174,
ADD,large,hybrid_30_70,30,70,external,KITTI,AR_10,all,0.2910469336250493,0.3111520410062967,0.020105107381247378
ADD,large,hybrid_30_70,30,70,external,KITTI,AR_10,car,,0.5224376897868375,
ADD,large,hybrid_30_70,30,70,external,KITTI,AR_10,cyclist,,0.0692685925015365,
ADD,large,hybrid_30_70,30,70,external,KITTI,AR_10,pedestrian,,0.341749840730516,
ADD,large,hybrid_30_70,30,70,external,KITTI,AR_100,all,0.3125766559802088,0.3354802616470421,0.022903605666833304
ADD,large,hybrid_30_70,30,70,external,KITTI,AR_100,car,,0.5527013619554434,
ADD,large,hybrid_30_70,30,70,external,KITTI,AR_100,cyclist,,0.0700061462814996,
ADD,large,hybrid_30_70,30,70,external,KITTI,AR_100,pedestrian,,0.3837332767041835,
ADD,large,hybrid_30_70,30,70,real_internal,BDD,AP_50,all,0.4176093382478759,0.5179485171954105,0.10033917894753458
ADD,large,hybrid_30_70,30,70,real_internal,BDD,AP_50,car,0.6557566756096299,0.7116037575179638,0.05584708190833387
ADD,large,hybrid_30_70,30,70,real_internal,BDD,AP_50,cyclist,0.228515353313289,0.3070777324656327,0.07856237915234368
ADD,large,hybrid_30_70,30,70,real_internal,BDD,AP_50,pedestrian,0.3685559858207088,0.5351640616026346,0.16660807578192582
ADD,large,hybrid_30_70,30,70,real_internal,BDD,AP_50_95,all,0.19344977551747414,0.2796987102001265,0.08624893468265235
ADD,large,hybrid_30_70,30,70,real_internal,BDD,AP_50_95,car,0.3476484523459258,0.422894529539293,0.07524607719336723
ADD,large,hybrid_30_70,30,70,real_internal,BDD,AP_50_95,cyclist,0.09303716733505353,0.15808657192336914,0.06504940458831561
ADD,large,hybrid_30_70,30,70,real_internal,BDD,AP_50_95,pedestrian,0.13966370687144314,0.25811502913771717,0.11845132226627403
ADD,large,hybrid_30_70,30,70,real_internal,BDD,AP_75,all,0.15669911488760394,0.2564927639201757,0.09979364903257179
ADD,large,hybrid_30_70,30,70,real_internal,BDD,AP_75,car,0.33026908037391295,0.4156187264722308,0.08534964609831786
ADD,large,hybrid_30_70,30,70,real_internal,BDD,AP_75,cyclist,0.06454676273632247,0.14195684472028788,0.07741008198396541
ADD,large,hybrid_30_70,30,70,real_internal,BDD,AP_75,pedestrian,0.07528150155257644,0.2119027205680085,0.13662121901543206
ADD,large,hybrid_30_70,30,70,real_internal,BDD,AR_1,all,0.08280388407982617,0.10626050482159283,0.02345662074176666
ADD,large,hybrid_30_70,30,70,real_internal,BDD,AR_1,car,,0.07753578095830736,
ADD,large,hybrid_30_70,30,70,real_internal,BDD,AR_1,cyclist,,0.13518987341772146,
ADD,large,hybrid_30_70,30,70,real_internal,BDD,AR_1,pedestrian,,0.10605586008874963,
ADD,large,hybrid_30_70,30,70,real_internal,BDD,AR_10,all,0.24457569005713584,0.32397556233624364,0.0793998722791078
ADD,large,hybrid_30_70,30,70,real_internal,BDD,AR_10,car,,0.3988984595901702,
ADD,large,hybrid_30_70,30,70,real_internal,BDD,AR_10,cyclist,,0.2643881856540084,
ADD,large,hybrid_30_70,30,70,real_internal,BDD,AR_10,pedestrian,,0.30864004176455234,
ADD,large,hybrid_30_70,30,70,real_internal,BDD,AR_100,all,0.28646617596517304,0.3850204757984803,0.09855429983330727
ADD,large,hybrid_30_70,30,70,real_internal,BDD,AR_100,car,,0.49233397744516866,
ADD,large,hybrid_30_70,30,70,real_internal,BDD,AR_100,cyclist,,0.2822784810126582,
ADD,large,hybrid_30_70,30,70,real_internal,BDD,AR_100,pedestrian,,0.3804489689376142,
ADD,large,hybrid_30_70,30,70,synthetic_internal,SYNTHIA,AP_50,all,0.41901793124075487,0.5780425538892567,0.15902462264850187
ADD,large,hybrid_30_70,30,70,synthetic_internal,SYNTHIA,AP_50,car,0.5681064715779983,0.6820148559428366,0.1139083843648383
ADD,large,hybrid_30_70,30,70,synthetic_internal,SYNTHIA,AP_50,cyclist,0.34286447015651866,0.5305186246859993,0.18765415452948064
ADD,large,hybrid_30_70,30,70,synthetic_internal,SYNTHIA,AP_50,pedestrian,0.34608285198774763,0.5215941810389341,0.17551132905118644
ADD,large,hybrid_30_70,30,70,synthetic_internal,SYNTHIA,AP_50_95,all,0.2269104068869626,0.3780748904093703,0.15116448352240772
ADD,large,hybrid_30_70,30,70,synthetic_internal,SYNTHIA,AP_50_95,car,0.3482758821536455,0.4850321649227461,0.13675628276910057
ADD,large,hybrid_30_70,30,70,synthetic_internal,SYNTHIA,AP_50_95,cyclist,0.16634310347515655,0.33724219729276067,0.17089909381760413
ADD,large,hybrid_30_70,30,70,synthetic_internal,SYNTHIA,AP_50_95,pedestrian,0.1661122350320857,0.31195030901260407,0.14583807398051837
ADD,large,hybrid_30_70,30,70,synthetic_internal,SYNTHIA,AP_75,all,0.21319743330812999,0.38769659177295807,0.17449915846482808
ADD,large,hybrid_30_70,30,70,synthetic_internal,SYNTHIA,AP_75,car,0.36206004975353095,0.5066886151440406,0.14462856539050967
ADD,large,hybrid_30_70,30,70,synthetic_internal,SYNTHIA,AP_75,cyclist,0.13933971626327327,0.3489131692339746,0.20957345297070132
ADD,large,hybrid_30_70,30,70,synthetic_internal,SYNTHIA,AP_75,pedestrian,0.13819253390758587,0.30748799094085905,0.16929545703327317
ADD,large,hybrid_30_70,30,70,synthetic_internal,SYNTHIA,AR_1,all,0.03782956840098983,0.04742246326012667,0.009592894859136836
ADD,large,hybrid_30_70,30,70,synthetic_internal,SYNTHIA,AR_1,car,,0.07911713015610457,
ADD,large,hybrid_30_70,30,70,synthetic_internal,SYNTHIA,AR_1,cyclist,,0.050138166830593335,
ADD,large,hybrid_30_70,30,70,synthetic_internal,SYNTHIA,AR_1,pedestrian,,0.013012092793682067,
ADD,large,hybrid_30_70,30,70,synthetic_internal,SYNTHIA,AR_10,all,0.19448980905257504,0.271009356266429,0.07651954721385398
ADD,large,hybrid_30_70,30,70,synthetic_internal,SYNTHIA,AR_10,car,,0.41364967779730516,
ADD,large,hybrid_30_70,30,70,synthetic_internal,SYNTHIA,AR_10,cyclist,,0.2871200412158681,
ADD,large,hybrid_30_70,30,70,synthetic_internal,SYNTHIA,AR_10,pedestrian,,0.1122583497861138,
ADD,large,hybrid_30_70,30,70,synthetic_internal,SYNTHIA,AR_100,all,0.2712016678759586,0.4074724925915871,0.13627082471562846
ADD,large,hybrid_30_70,30,70,synthetic_internal,SYNTHIA,AR_100,car,,0.5157345187635687,
ADD,large,hybrid_30_70,30,70,synthetic_internal,SYNTHIA,AR_100,cyclist,,0.3645309353191888,
ADD,large,hybrid_30_70,30,70,synthetic_internal,SYNTHIA,AR_100,pedestrian,,0.3421520236920039,
ADD,large,hybrid_50_50,50,50,external,KITTI,AP_50,all,0.4266940964664919,0.4672705939598442,0.04057649749335229
ADD,large,hybrid_50_50,50,50,external,KITTI,AP_50,car,0.7769903432025985,0.7967713731049088,0.019781029902310232
ADD,large,hybrid_50_50,50,50,external,KITTI,AP_50,cyclist,0.0517250424622883,0.0562690846211777,0.0045440421588894
ADD,large,hybrid_50_50,50,50,external,KITTI,AP_50,pedestrian,0.4513669037345887,0.548771324153446,0.09740442041885727
ADD,large,hybrid_50_50,50,50,external,KITTI,AP_50_95,all,0.2101761692955567,0.2444536925382262,0.03427752324266953
ADD,large,hybrid_50_50,50,50,external,KITTI,AP_50_95,car,0.4500548951031801,0.4735408934152352,0.023485998312055112
ADD,large,hybrid_50_50,50,50,external,KITTI,AP_50_95,cyclist,0.008366784603564,0.0097903787956664,0.0014235941921024002
ADD,large,hybrid_50_50,50,50,external,KITTI,AP_50_95,pedestrian,0.1721068281799262,0.2500298054037771,0.07792297722385091
ADD,large,hybrid_50_50,50,50,external,KITTI,AP_75,all,0.1896641771576859,0.2342019362889407,0.044537759131254795
ADD,large,hybrid_50_50,50,50,external,KITTI,AP_75,car,0.4827260025483664,0.5070375778843039,0.02431157533593753
ADD,large,hybrid_50_50,50,50,external,KITTI,AP_75,cyclist,5.0745615672144535e-05,0.0002909586527169,0.00024021303704475547
ADD,large,hybrid_50_50,50,50,external,KITTI,AP_75,pedestrian,0.0862157833090193,0.1952772723298013,0.109061489020782
ADD,large,hybrid_50_50,50,50,external,KITTI,AR_1,all,0.1117932859341822,0.1200210334871784,0.008227747552996198
ADD,large,hybrid_50_50,50,50,external,KITTI,AR_1,car,,0.1546014852229337,
ADD,large,hybrid_50_50,50,50,external,KITTI,AR_1,cyclist,,0.0388444990780577,
ADD,large,hybrid_50_50,50,50,external,KITTI,AR_1,pedestrian,,0.1666171161605436,
ADD,large,hybrid_50_50,50,50,external,KITTI,AR_10,all,0.2899905465608286,0.3164556140448828,0.026465067484054194
ADD,large,hybrid_50_50,50,50,external,KITTI,AR_10,car,,0.5292264213342955,
ADD,large,hybrid_50_50,50,50,external,KITTI,AR_10,cyclist,,0.0654578979717271,
ADD,large,hybrid_50_50,50,50,external,KITTI,AR_10,pedestrian,,0.354682522828626,
ADD,large,hybrid_50_50,50,50,external,KITTI,AR_100,all,0.3128447853589697,0.342068903036213,0.02922411767724331
ADD,large,hybrid_50_50,50,50,external,KITTI,AR_100,car,,0.5593788521090767,
ADD,large,hybrid_50_50,50,50,external,KITTI,AR_100,cyclist,,0.0674861708666256,
ADD,large,hybrid_50_50,50,50,external,KITTI,AR_100,pedestrian,,0.3993416861329369,
ADD,large,hybrid_50_50,50,50,real_internal,BDD,AP_50,all,0.4402425166254625,0.5624702258783331,0.12222770925287058
ADD,large,hybrid_50_50,50,50,real_internal,BDD,AP_50,car,0.6773121485771578,0.7378216527525462,0.06050950417538836
ADD,large,hybrid_50_50,50,50,real_internal,BDD,AP_50,cyclist,0.2466444822726609,0.37610895536370853,0.12946447309104764
ADD,large,hybrid_50_50,50,50,real_internal,BDD,AP_50,pedestrian,0.39677091902656886,0.5734800695187442,0.17670915049217534
ADD,large,hybrid_50_50,50,50,real_internal,BDD,AP_50_95,all,0.20486484269672933,0.3050002967158521,0.10013545401912277
ADD,large,hybrid_50_50,50,50,real_internal,BDD,AP_50_95,car,0.3624209674070997,0.44305949962052465,0.08063853221342493
ADD,large,hybrid_50_50,50,50,real_internal,BDD,AP_50_95,cyclist,0.10322084908894873,0.19215049228011927,0.08892964319117054
ADD,large,hybrid_50_50,50,50,real_internal,BDD,AP_50_95,pedestrian,0.14895271159413945,0.27979089824691256,0.1308381866527731
ADD,large,hybrid_50_50,50,50,real_internal,BDD,AP_75,all,0.16591423334890373,0.28029685601369675,0.11438262266479302
ADD,large,hybrid_50_50,50,50,real_internal,BDD,AP_75,car,0.3463878509626508,0.43879788650568646,0.09241003554303567
ADD,large,hybrid_50_50,50,50,real_internal,BDD,AP_75,cyclist,0.07092403592878727,0.17189057196945842,0.10096653604067116
ADD,large,hybrid_50_50,50,50,real_internal,BDD,AP_75,pedestrian,0.08043081315527313,0.23020210956594536,0.14977129641067222
ADD,large,hybrid_50_50,50,50,real_internal,BDD,AR_1,all,0.08529924849431976,0.113506668749096,0.02820742025477624
ADD,large,hybrid_50_50,50,50,real_internal,BDD,AR_1,car,,0.07839386892870007,
ADD,large,hybrid_50_50,50,50,real_internal,BDD,AR_1,cyclist,,0.1495358649789029,
ADD,large,hybrid_50_50,50,50,real_internal,BDD,AR_1,pedestrian,,0.112590272339685,
ADD,large,hybrid_50_50,50,50,real_internal,BDD,AR_10,all,0.2545938030480486,0.3464516665140749,0.09185786346602631
ADD,large,hybrid_50_50,50,50,real_internal,BDD,AR_10,car,,0.41446303998951955,
ADD,large,hybrid_50_50,50,50,real_internal,BDD,AR_10,cyclist,,0.2978059071729957,
ADD,large,hybrid_50_50,50,50,real_internal,BDD,AR_10,pedestrian,,0.32708605237970934,
ADD,large,hybrid_50_50,50,50,real_internal,BDD,AR_100,all,0.29795614038885493,0.4078047738164026,0.10984863342754769
ADD,large,hybrid_50_50,50,50,real_internal,BDD,AR_100,car,,0.5091529383508554,
ADD,large,hybrid_50_50,50,50,real_internal,BDD,AR_100,cyclist,,0.31594936708860755,
ADD,large,hybrid_50_50,50,50,real_internal,BDD,AR_100,pedestrian,,0.3983120160097451,
ADD,large,hybrid_50_50,50,50,synthetic_internal,SYNTHIA,AP_50,all,0.4073984836097246,0.5634786812807066,0.15608019767098197
ADD,large,hybrid_50_50,50,50,synthetic_internal,SYNTHIA,AP_50,car,0.5523822088882896,0.6666726048024593,0.11429039591416967
ADD,large,hybrid_50_50,50,50,synthetic_internal,SYNTHIA,AP_50,cyclist,0.3333590161341761,0.5114183588866228,0.17805934275244667
ADD,large,hybrid_50_50,50,50,synthetic_internal,SYNTHIA,AP_50,pedestrian,0.33645422580670775,0.5123450801530379,0.17589085434633017
ADD,large,hybrid_50_50,50,50,synthetic_internal,SYNTHIA,AP_50_95,all,0.21856352757603884,0.36247499786369103,0.1439114702876522
ADD,large,hybrid_50_50,50,50,synthetic_internal,SYNTHIA,AP_50_95,car,0.33742120964126143,0.4671054072451765,0.12968419760391509
ADD,large,hybrid_50_50,50,50,synthetic_internal,SYNTHIA,AP_50_95,cyclist,0.15692635469679697,0.31929491397063864,0.16236855927384167
ADD,large,hybrid_50_50,50,50,synthetic_internal,SYNTHIA,AP_50_95,pedestrian,0.16134301839005824,0.3010246723752579,0.13968165398519963
ADD,large,hybrid_50_50,50,50,synthetic_internal,SYNTHIA,AP_75,all,0.20281286963990217,0.3685203328055426,0.16570746316564042
ADD,large,hybrid_50_50,50,50,synthetic_internal,SYNTHIA,AP_75,car,0.3481766340966959,0.4861047685259439,0.137928134429248
ADD,large,hybrid_50_50,50,50,synthetic_internal,SYNTHIA,AP_75,cyclist,0.12502625681693416,0.32631182039596024,0.20128556357902608
ADD,large,hybrid_50_50,50,50,synthetic_internal,SYNTHIA,AP_75,pedestrian,0.1352357180060765,0.2931444094947235,0.15790869148864697
ADD,large,hybrid_50_50,50,50,synthetic_internal,SYNTHIA,AR_1,all,0.037078452238982866,0.04682577530633267,0.009747323067349802
ADD,large,hybrid_50_50,50,50,synthetic_internal,SYNTHIA,AR_1,car,,0.07837279024087661,
ADD,large,hybrid_50_50,50,50,synthetic_internal,SYNTHIA,AR_1,cyclist,,0.0492014425553838,
ADD,large,hybrid_50_50,50,50,synthetic_internal,SYNTHIA,AR_1,pedestrian,,0.0129030931227377,
ADD,large,hybrid_50_50,50,50,synthetic_internal,SYNTHIA,AR_10,all,0.18917590960359928,0.26244963086554834,0.07327372126194906
ADD,large,hybrid_50_50,50,50,synthetic_internal,SYNTHIA,AR_10,car,,0.40166098073675865,
ADD,large,hybrid_50_50,50,50,synthetic_internal,SYNTHIA,AR_10,cyclist,,0.27514167954662544,
ADD,large,hybrid_50_50,50,50,synthetic_internal,SYNTHIA,AR_10,pedestrian,,0.1105462323132609,
ADD,large,hybrid_50_50,50,50,synthetic_internal,SYNTHIA,AR_100,all,0.2635307669819886,0.39325460416470825,0.12972383718271968
ADD,large,hybrid_50_50,50,50,synthetic_internal,SYNTHIA,AR_100,car,,0.49942451497294876,
ADD,large,hybrid_50_50,50,50,synthetic_internal,SYNTHIA,AR_100,cyclist,,0.3482764273336143,
ADD,large,hybrid_50_50,50,50,synthetic_internal,SYNTHIA,AR_100,pedestrian,,0.33206287018756164,
ADD,large,hybrid_70_30,70,30,external,KITTI,AP_50,all,0.4174816423791005,0.4854179989909719,0.06793635661187136
ADD,large,hybrid_70_30,70,30,external,KITTI,AP_50,car,0.7733173472803195,0.8111817666623657,0.03786441938204621
ADD,large,hybrid_70_30,70,30,external,KITTI,AP_50,cyclist,0.0489333173017706,0.0707853459663095,0.021852028664538906
ADD,large,hybrid_70_30,70,30,external,KITTI,AP_50,pedestrian,0.4301942625552116,0.5742868843442404,0.14409262178902876
ADD,large,hybrid_70_30,70,30,external,KITTI,AP_50_95,all,0.2017928883139945,0.2585759859982708,0.05678309768427631
ADD,large,hybrid_70_30,70,30,external,KITTI,AP_50_95,car,0.4389925286226124,0.4945738563484642,0.05558132772585178
ADD,large,hybrid_70_30,70,30,external,KITTI,AP_50_95,cyclist,0.0079135533453623,0.0145810624010008,0.006667509055638501
ADD,large,hybrid_70_30,70,30,external,KITTI,AP_50_95,pedestrian,0.1584725829740088,0.2665730392453472,0.10810045627133841
ADD,large,hybrid_70_30,70,30,external,KITTI,AP_75,all,0.1794808442024834,0.2525461645243796,0.07306532032189622
ADD,large,hybrid_70_30,70,30,external,KITTI,AP_75,car,0.46147544245706,0.5361436216296523,0.07466817917259233
ADD,large,hybrid_70_30,70,30,external,KITTI,AP_75,cyclist,0.0001901308687414,0.0002071289608323,1.6998092090900012e-05
ADD,large,hybrid_70_30,70,30,external,KITTI,AP_75,pedestrian,0.0767769592816487,0.2212877429826542,0.1445107837010055
ADD,large,hybrid_70_30,70,30,external,KITTI,AR_1,all,0.1092035580923697,0.1259756863547429,0.016772128262373204
ADD,large,hybrid_70_30,70,30,external,KITTI,AR_1,car,,0.1580920597697002,
ADD,large,hybrid_70_30,70,30,external,KITTI,AR_1,cyclist,,0.0459127228027043,
ADD,large,hybrid_70_30,70,30,external,KITTI,AR_1,pedestrian,,0.1739222764918241,
ADD,large,hybrid_70_30,70,30,external,KITTI,AR_10,all,0.2850412304647292,0.3338460398713396,0.04880480940661042
ADD,large,hybrid_70_30,70,30,external,KITTI,AR_10,car,,0.5537626649830132,
ADD,large,hybrid_70_30,70,30,external,KITTI,AR_10,cyclist,,0.0844499078057775,
ADD,large,hybrid_70_30,70,30,external,KITTI,AR_10,pedestrian,,0.3633255468252283,
ADD,large,hybrid_70_30,70,30,external,KITTI,AR_100,all,0.3092144980486908,0.3596045354055809,0.05039003735689013
ADD,large,hybrid_70_30,70,30,external,KITTI,AR_100,car,,0.585601755810108,
ADD,large,hybrid_70_30,70,30,external,KITTI,AR_100,cyclist,,0.0887523048555623,
ADD,large,hybrid_70_30,70,30,external,KITTI,AR_100,pedestrian,,0.4044595455510724,
ADD,large,hybrid_70_30,70,30,real_internal,BDD,AP_50,all,0.4774077738498028,0.6522583585751032,0.17485058472530035
ADD,large,hybrid_70_30,70,30,real_internal,BDD,AP_50,car,0.7153518919394916,0.7847173520180606,0.06936546007856903
ADD,large,hybrid_70_30,70,30,real_internal,BDD,AP_50,cyclist,0.2817632116608127,0.5199107117176067,0.23814750005679403
ADD,large,hybrid_70_30,70,30,real_internal,BDD,AP_50,pedestrian,0.4351082179491043,0.652147011989642,0.21703879404053766
ADD,large,hybrid_70_30,70,30,real_internal,BDD,AP_50_95,all,0.21869857012404018,0.3712097369709675,0.1525111668469273
ADD,large,hybrid_70_30,70,30,real_internal,BDD,AP_50_95,car,0.38486701483122715,0.48639879478866205,0.1015317799574349
ADD,large,hybrid_70_30,70,30,real_internal,BDD,AP_50_95,cyclist,0.1147965946653311,0.2909263427109092,0.17612974804557813
ADD,large,hybrid_70_30,70,30,real_internal,BDD,AP_50_95,pedestrian,0.15643210087556222,0.33630407341333113,0.1798719725377689
ADD,large,hybrid_70_30,70,30,real_internal,BDD,AP_75,all,0.17180623914122492,0.36220564844933384,0.19039940930810892
ADD,large,hybrid_70_30,70,30,real_internal,BDD,AP_75,car,0.36774503317830914,0.4886139545901916,0.12086892141188244
ADD,large,hybrid_70_30,70,30,real_internal,BDD,AP_75,cyclist,0.07300796173745473,0.29552261236640076,0.22251465062894604
ADD,large,hybrid_70_30,70,30,real_internal,BDD,AP_75,pedestrian,0.0746657225079108,0.3024803783914091,0.2278146558834983
ADD,large,hybrid_70_30,70,30,real_internal,BDD,AR_1,all,0.09055370846180215,0.13524798098797552,0.044694272526173376
ADD,large,hybrid_70_30,70,30,real_internal,BDD,AR_1,car,,0.0807465146999421,
ADD,large,hybrid_70_30,70,30,real_internal,BDD,AR_1,cyclist,,0.1963713080168776,
ADD,large,hybrid_70_30,70,30,real_internal,BDD,AR_1,pedestrian,,0.12862612024710687,
ADD,large,hybrid_70_30,70,30,real_internal,BDD,AR_10,all,0.27081158465901184,0.4030893323396672,0.13227774768065537
ADD,large,hybrid_70_30,70,30,real_internal,BDD,AR_10,car,,0.44641426216443403,
ADD,large,hybrid_70_30,70,30,real_internal,BDD,AR_10,cyclist,,0.38801687763713083,
ADD,large,hybrid_70_30,70,30,real_internal,BDD,AR_10,pedestrian,,0.3748368572174367,
ADD,large,hybrid_70_30,70,30,real_internal,BDD,AR_100,all,0.31962894436186146,0.46707834904481665,0.1474494046829552
ADD,large,hybrid_70_30,70,30,real_internal,BDD,AR_100,car,,0.5468236552800795,
ADD,large,hybrid_70_30,70,30,real_internal,BDD,AR_100,cyclist,,0.4065822784810127,
ADD,large,hybrid_70_30,70,30,real_internal,BDD,AR_100,pedestrian,,0.4478291133733577,
ADD,large,hybrid_70_30,70,30,synthetic_internal,SYNTHIA,AP_50,all,0.4013194662662311,0.5726152682741883,0.1712958020079572
ADD,large,hybrid_70_30,70,30,synthetic_internal,SYNTHIA,AP_50,car,0.5530485185506934,0.6802973662774865,0.12724884772679312
ADD,large,hybrid_70_30,70,30,synthetic_internal,SYNTHIA,AP_50,cyclist,0.31914836821612363,0.5206329324932387,0.20148456427711509
ADD,large,hybrid_70_30,70,30,synthetic_internal,SYNTHIA,AP_50,pedestrian,0.33176151203187637,0.5169155060518396,0.1851539940199632
ADD,large,hybrid_70_30,70,30,synthetic_internal,SYNTHIA,AP_50_95,all,0.21122487340991492,0.3733552306876124,0.16213035727769748
ADD,large,hybrid_70_30,70,30,synthetic_internal,SYNTHIA,AP_50_95,car,0.3317600461320966,0.4851645421113915,0.1534044959792949
ADD,large,hybrid_70_30,70,30,synthetic_internal,SYNTHIA,AP_50_95,cyclist,0.14802452759503928,0.3294750430355229,0.1814505154404836
ADD,large,hybrid_70_30,70,30,synthetic_internal,SYNTHIA,AP_50_95,pedestrian,0.15389004650260893,0.3054261069159227,0.15153606041331377
ADD,large,hybrid_70_30,70,30,synthetic_internal,SYNTHIA,AP_75,all,0.19189736691641066,0.38248168685753164,0.190584319941121
ADD,large,hybrid_70_30,70,30,synthetic_internal,SYNTHIA,AP_75,car,0.3401308238327158,0.5081192564600264,0.1679884326273106
ADD,large,hybrid_70_30,70,30,synthetic_internal,SYNTHIA,AP_75,cyclist,0.11357459084841799,0.3397000389694125,0.2261254481209945
ADD,large,hybrid_70_30,70,30,synthetic_internal,SYNTHIA,AP_75,pedestrian,0.12198668606809822,0.29962576514315614,0.17763907907505794
ADD,large,hybrid_70_30,70,30,synthetic_internal,SYNTHIA,AR_1,all,0.036609438687031065,0.04729100885900453,0.010681570171973465
ADD,large,hybrid_70_30,70,30,synthetic_internal,SYNTHIA,AR_1,car,,0.07914469830111304,
ADD,large,hybrid_70_30,70,30,synthetic_internal,SYNTHIA,AR_1,cyclist,,0.04974708444569337,
ADD,large,hybrid_70_30,70,30,synthetic_internal,SYNTHIA,AR_1,pedestrian,,0.012981243830207267,
ADD,large,hybrid_70_30,70,30,synthetic_internal,SYNTHIA,AR_10,all,0.18486820889940592,0.2690694493640255,0.08420124046461958
ADD,large,hybrid_70_30,70,30,synthetic_internal,SYNTHIA,AR_10,car,,0.41338088838347287,
ADD,large,hybrid_70_30,70,30,synthetic_internal,SYNTHIA,AR_10,cyclist,,0.2824200271650039,
ADD,large,hybrid_70_30,70,30,synthetic_internal,SYNTHIA,AR_10,pedestrian,,0.11140743254359982,
ADD,large,hybrid_70_30,70,30,synthetic_internal,SYNTHIA,AR_100,all,0.25926200127887816,0.40308641229036385,0.1438244110114857
ADD,large,hybrid_70_30,70,30,synthetic_internal,SYNTHIA,AR_100,car,,0.51606533650367,
ADD,large,hybrid_70_30,70,30,synthetic_internal,SYNTHIA,AR_100,cyclist,,0.3573345510748911,
ADD,large,hybrid_70_30,70,30,synthetic_internal,SYNTHIA,AR_100,pedestrian,,0.3358593492925304,
ADD,large,real_only,100,0,external,KITTI,AP_50,all,0.4248183454900828,0.4832714670543617,0.0584531215642789
ADD,large,real_only,100,0,external,KITTI,AP_50,car,0.7530582075649026,0.8212552184762141,0.06819701091131147
ADD,large,real_only,100,0,external,KITTI,AP_50,cyclist,0.0183448837972604,0.061475389907719,0.0431305061104586
ADD,large,real_only,100,0,external,KITTI,AP_50,pedestrian,0.5030519451080855,0.5670837927791521,0.06403184767106662
ADD,large,real_only,100,0,external,KITTI,AP_50_95,all,0.201694829111606,0.2612653921270521,0.05957056301544608
ADD,large,real_only,100,0,external,KITTI,AP_50_95,car,0.4174692589563798,0.5038965541856849,0.08642729522930509
ADD,large,real_only,100,0,external,KITTI,AP_50_95,cyclist,0.0029473611427488,0.0140934049108994,0.0111460437681506
ADD,large,real_only,100,0,external,KITTI,AP_50_95,pedestrian,0.1846678672356894,0.2658062172845718,0.08113835004888242
ADD,large,real_only,100,0,external,KITTI,AP_75,all,0.1693368251118387,0.2579535322062229,0.08861670709438421
ADD,large,real_only,100,0,external,KITTI,AP_75,car,0.4292227108032286,0.5473222889891808,0.11809957818595218
ADD,large,real_only,100,0,external,KITTI,AP_75,cyclist,2.24585749446749e-05,0.0007538221863183,0.0007313636113736251
ADD,large,real_only,100,0,external,KITTI,AP_75,pedestrian,0.0787653059573427,0.2257844854431696,0.14701917948582688
ADD,large,real_only,100,0,external,KITTI,AR_1,all,0.110277945718646,0.1275946395324864,0.017316693813840392
ADD,large,real_only,100,0,external,KITTI,AR_1,car,,0.1588076125191665,
ADD,large,real_only,100,0,external,KITTI,AR_1,cyclist,,0.0511370620774431,
ADD,large,real_only,100,0,external,KITTI,AR_1,pedestrian,,0.1728392440008494,
ADD,large,real_only,100,0,external,KITTI,AR_10,all,0.2788189577178228,0.3458705578554651,0.06705160013764233
ADD,large,real_only,100,0,external,KITTI,AR_10,car,,0.5624906046120081,
ADD,large,real_only,100,0,external,KITTI,AR_10,cyclist,,0.1102028272894898,
ADD,large,real_only,100,0,external,KITTI,AR_10,pedestrian,,0.364918241664897,
ADD,large,real_only,100,0,external,KITTI,AR_100,all,0.2998258934326746,0.3752875321242042,0.07546163869152961
ADD,large,real_only,100,0,external,KITTI,AR_100,car,,0.5955262920537565,
ADD,large,real_only,100,0,external,KITTI,AR_100,cyclist,,0.1200368776889981,
ADD,large,real_only,100,0,external,KITTI,AR_100,pedestrian,,0.4102994266298577,
ADD,large,real_only,100,0,real_internal,BDD,AP_50,all,0.4870774362961748,0.6756017794047801,0.18852434310860527
ADD,large,real_only,100,0,real_internal,BDD,AP_50,car,0.7123753190398295,0.8076616934629485,0.09528637442311894
ADD,large,real_only,100,0,real_internal,BDD,AP_50,cyclist,0.29719370862060673,0.5521900488468222,0.2549963402262155
ADD,large,real_only,100,0,real_internal,BDD,AP_50,pedestrian,0.45166328122808813,0.6669535959045692,0.21529031467648102
ADD,large,real_only,100,0,real_internal,BDD,AP_50_95,all,0.21669701610629621,0.3901825272119301,0.17348551110563387
ADD,large,real_only,100,0,real_internal,BDD,AP_50_95,car,0.38153337450562214,0.5068266123648142,0.12529323785919205
ADD,large,real_only,100,0,real_internal,BDD,AP_50_95,cyclist,0.11385350349984791,0.3148415906002634,0.2009880871004155
ADD,large,real_only,100,0,real_internal,BDD,AP_50_95,pedestrian,0.1547041703134186,0.3488793786707127,0.19417520835729413
ADD,large,real_only,100,0,real_internal,BDD,AP_75,all,0.15858756474667113,0.38704294325413874,0.2284553785074676
ADD,large,real_only,100,0,real_internal,BDD,AP_75,car,0.36119738090874304,0.5133568815483929,0.15215950063964984
ADD,large,real_only,100,0,real_internal,BDD,AP_75,cyclist,0.0543191300627118,0.32602078402338025,0.2717016539606685
ADD,large,real_only,100,0,real_internal,BDD,AP_75,pedestrian,0.0602461832685586,0.3217511641906432,0.26150498092208463
ADD,large,real_only,100,0,real_internal,BDD,AR_1,all,0.08580625160195397,0.1428319648567438,0.05702571325478982
ADD,large,real_only,100,0,real_internal,BDD,AR_1,car,,0.08159368552058423,
ADD,large,real_only,100,0,real_internal,BDD,AR_1,cyclist,,0.21527426160337546,
ADD,large,real_only,100,0,real_internal,BDD,AR_1,pedestrian,,0.1316279474462716,
ADD,large,real_only,100,0,real_internal,BDD,AR_10,all,0.26601524434444074,0.41780975926308556,0.15179451491864482
ADD,large,real_only,100,0,real_internal,BDD,AR_10,car,,0.46186093734647754,
ADD,large,real_only,100,0,real_internal,BDD,AR_10,cyclist,,0.40337552742616034,
ADD,large,real_only,100,0,real_internal,BDD,AR_10,pedestrian,,0.3881928130166188,
ADD,large,real_only,100,0,real_internal,BDD,AR_100,all,0.3133089312061561,0.4820385106794685,0.1687295794733124
ADD,large,real_only,100,0,real_internal,BDD,AR_100,car,,0.5639886898328584,
ADD,large,real_only,100,0,real_internal,BDD,AR_100,cyclist,,0.4241350210970463,
ADD,large,real_only,100,0,real_internal,BDD,AR_100,pedestrian,,0.4579918211085008,
ADD,large,real_only,100,0,synthetic_internal,SYNTHIA,AP_50,all,0.15953617503479542,0.18570117325127677,0.026164998216481355
ADD,large,real_only,100,0,synthetic_internal,SYNTHIA,AP_50,car,0.2186296869979156,0.28947165572641037,0.07084196872849477
ADD,large,real_only,100,0,synthetic_internal,SYNTHIA,AP_50,cyclist,0.066570820479631,0.08210002494858502,0.01552920446895402
ADD,large,real_only,100,0,synthetic_internal,SYNTHIA,AP_50,pedestrian,0.1934080176268397,0.18553183907883486,-0.007876178548004847
ADD,large,real_only,100,0,synthetic_internal,SYNTHIA,AP_50_95,all,0.0674667248279897,0.09610737498608424,0.02864065015809454
ADD,large,real_only,100,0,synthetic_internal,SYNTHIA,AP_50_95,car,0.10691748759277743,0.16549364563537225,0.05857615804259482
ADD,large,real_only,100,0,synthetic_internal,SYNTHIA,AP_50_95,cyclist,0.023449195167762404,0.04038914135309907,0.016939946185336664
ADD,large,real_only,100,0,synthetic_internal,SYNTHIA,AP_50_95,pedestrian,0.07203349172342927,0.08243933796978133,0.01040584624635206
ADD,large,real_only,100,0,synthetic_internal,SYNTHIA,AP_75,all,0.04859353626020643,0.08700804080773154,0.03841450454752511
ADD,large,real_only,100,0,synthetic_internal,SYNTHIA,AP_75,car,0.09573469548830323,0.16540270829781056,0.06966801280950734
ADD,large,real_only,100,0,synthetic_internal,SYNTHIA,AP_75,cyclist,0.0097909673622669,0.033719844208662565,0.023928876846395664
ADD,large,real_only,100,0,synthetic_internal,SYNTHIA,AP_75,pedestrian,0.04025494593004927,0.061901569916721404,0.021646623986672137
ADD,large,real_only,100,0,synthetic_internal,SYNTHIA,AR_1,all,0.020113259586054064,0.025048067351286566,0.004934807765232502
ADD,large,real_only,100,0,synthetic_internal,SYNTHIA,AR_1,car,,0.049605430924566596,
ADD,large,real_only,100,0,synthetic_internal,SYNTHIA,AR_1,cyclist,,0.016982811109549866,
ADD,large,real_only,100,0,synthetic_internal,SYNTHIA,AR_1,pedestrian,,0.0085559600197433,
ADD,large,real_only,100,0,synthetic_internal,SYNTHIA,AR_10,all,0.07614413691993423,0.09597431391792262,0.01983017699798839
ADD,large,real_only,100,0,synthetic_internal,SYNTHIA,AR_10,car,,0.17964437092939103,
ADD,large,real_only,100,0,synthetic_internal,SYNTHIA,AR_10,cyclist,,0.052074844269589166,
ADD,large,real_only,100,0,synthetic_internal,SYNTHIA,AR_10,pedestrian,,0.05620372655478773,
ADD,large,real_only,100,0,synthetic_internal,SYNTHIA,AR_100,all,0.10329554476485463,0.14027011853271168,0.03697457376785705
ADD,large,real_only,100,0,synthetic_internal,SYNTHIA,AR_100,car,,0.2426410282918088,
ADD,large,real_only,100,0,synthetic_internal,SYNTHIA,AR_100,cyclist,,0.05788253477588864,
ADD,large,real_only,100,0,synthetic_internal,SYNTHIA,AR_100,pedestrian,,0.12028679253043763,
ADD,large,synthetic_only,0,100,external,KITTI,AP_50,all,0.3933700562901001,0.3493306327417292,-0.04403942354837087
ADD,large,synthetic_only,0,100,external,KITTI,AP_50,car,0.7117378070007516,0.5234258383401458,-0.18831196866060584
ADD,large,synthetic_only,0,100,external,KITTI,AP_50,cyclist,0.0366784135111119,0.0376810132989755,0.0010025997878636006
ADD,large,synthetic_only,0,100,external,KITTI,AP_50,pedestrian,0.4316939483584365,0.4868850465860663,0.0551910982276298
ADD,large,synthetic_only,0,100,external,KITTI,AP_50_95,all,0.1812153899409242,0.1651853088093681,-0.0160300811315561
ADD,large,synthetic_only,0,100,external,KITTI,AP_50_95,car,0.3797421167470114,0.2782619333631684,-0.10148018338384301
ADD,large,synthetic_only,0,100,external,KITTI,AP_50_95,cyclist,0.0058321826108153,0.0066336302912313,0.0008014476804159999
ADD,large,synthetic_only,0,100,external,KITTI,AP_50_95,pedestrian,0.1580718704649458,0.2106603627737044,0.05258849230875859
ADD,large,synthetic_only,0,100,external,KITTI,AP_75,all,0.1506975760947415,0.1406230693423357,-0.010074506752405787
ADD,large,synthetic_only,0,100,external,KITTI,AP_75,car,0.3794388317548016,0.2724745642610142,-0.1069642674937874
ADD,large,synthetic_only,0,100,external,KITTI,AP_75,cyclist,6.537142007225383e-05,4.323576462449738e-05,-2.213565544775645e-05
ADD,large,synthetic_only,0,100,external,KITTI,AP_75,pedestrian,0.0725885251093506,0.1493514080013683,0.07676288289201771
ADD,large,synthetic_only,0,100,external,KITTI,AR_1,all,0.0988792506753482,0.0965778075051397,-0.0023014431702085003
ADD,large,synthetic_only,0,100,external,KITTI,AR_1,car,,0.1223986049727909,
ADD,large,synthetic_only,0,100,external,KITTI,AR_1,cyclist,,0.0204671173939766,
ADD,large,synthetic_only,0,100,external,KITTI,AR_1,pedestrian,,0.1468677001486515,
ADD,large,synthetic_only,0,100,external,KITTI,AR_10,all,0.2532293719328574,0.229113379220831,-0.024115992712026385
ADD,large,synthetic_only,0,100,external,KITTI,AR_10,car,,0.3337722858603169,
ADD,large,synthetic_only,0,100,external,KITTI,AR_10,cyclist,,0.0450522433927473,
ADD,large,synthetic_only,0,100,external,KITTI,AR_10,pedestrian,,0.3085156084094287,
ADD,large,synthetic_only,0,100,external,KITTI,AR_100,all,0.2754531056816688,0.2557835600526629,-0.019669545629005913
ADD,large,synthetic_only,0,100,external,KITTI,AR_100,car,,0.3695589429061062,
ADD,large,synthetic_only,0,100,external,KITTI,AR_100,cyclist,,0.0482483097725875,
ADD,large,synthetic_only,0,100,external,KITTI,AR_100,pedestrian,,0.3495434274792949,
ADD,large,synthetic_only,0,100,real_internal,BDD,AP_50,all,0.18173503636296892,0.13367774388849563,-0.048057292474473295
ADD,large,synthetic_only,0,100,real_internal,BDD,AP_50,car,0.33129119984528266,0.14762909347434594,-0.18366210637093672
ADD,large,synthetic_only,0,100,real_internal,BDD,AP_50,cyclist,0.06298551633039473,0.049952013543098334,-0.013033502787296397
ADD,large,synthetic_only,0,100,real_internal,BDD,AP_50,pedestrian,0.1509283929132293,0.20345212464804271,0.05252373173481342
ADD,large,synthetic_only,0,100,real_internal,BDD,AP_50_95,all,0.08272704297805866,0.06171790835888493,-0.021009134619173732
ADD,large,synthetic_only,0,100,real_internal,BDD,AP_50_95,car,0.16089382840613536,0.06890935100879973,-0.09198447739733563
ADD,large,synthetic_only,0,100,real_internal,BDD,AP_50_95,cyclist,0.026165054740922733,0.020774704086644998,-0.005390350654277735
ADD,large,synthetic_only,0,100,real_internal,BDD,AP_50_95,pedestrian,0.061122245787117925,0.09546966998121008,0.034347424194092153
ADD,large,synthetic_only,0,100,real_internal,BDD,AP_75,all,0.06625567478785617,0.04688197985228667,-0.0193736949355695
ADD,large,synthetic_only,0,100,real_internal,BDD,AP_75,car,0.14246602630058855,0.055805478413950366,-0.08666054788663818
ADD,large,synthetic_only,0,100,real_internal,BDD,AP_75,cyclist,0.017270310053056865,0.012912607751568,-0.004357702301488865
ADD,large,synthetic_only,0,100,real_internal,BDD,AP_75,pedestrian,0.03903068800992307,0.0719278533913416,0.03289716538141853
ADD,large,synthetic_only,0,100,real_internal,BDD,AR_1,all,0.045357936662387466,0.03781904904477693,-0.007538887617610533
ADD,large,synthetic_only,0,100,real_internal,BDD,AR_1,car,,0.025585432155372862,
ADD,large,synthetic_only,0,100,real_internal,BDD,AR_1,cyclist,,0.03358649789029534,
ADD,large,synthetic_only,0,100,real_internal,BDD,AR_1,pedestrian,,0.05428521708866263,
ADD,large,synthetic_only,0,100,real_internal,BDD,AR_10,all,0.12861226409618384,0.1090784413844532,-0.01953382271173064
ADD,large,synthetic_only,0,100,real_internal,BDD,AR_10,car,,0.10223910741383636,
ADD,large,synthetic_only,0,100,real_internal,BDD,AR_10,cyclist,,0.07232067510548519,
ADD,large,synthetic_only,0,100,real_internal,BDD,AR_10,pedestrian,,0.15267554163403807,
ADD,large,synthetic_only,0,100,real_internal,BDD,AR_100,all,0.15541363778681141,0.1572940335126356,0.0018803957258241855
ADD,large,synthetic_only,0,100,real_internal,BDD,AR_100,car,,0.15469382853524602,
ADD,large,synthetic_only,0,100,real_internal,BDD,AR_100,cyclist,,0.09679324894514763,
ADD,large,synthetic_only,0,100,real_internal,BDD,AR_100,pedestrian,,0.22039502305751327,
ADD,large,synthetic_only,0,100,synthetic_internal,SYNTHIA,AP_50,all,0.42508814286996804,0.5951366798916754,0.17004853702170736
ADD,large,synthetic_only,0,100,synthetic_internal,SYNTHIA,AP_50,car,0.5792128411952718,0.6987551533203277,0.11954231212505584
ADD,large,synthetic_only,0,100,synthetic_internal,SYNTHIA,AP_50,cyclist,0.3486894166421013,0.552810657588711,0.20412124094660966
ADD,large,synthetic_only,0,100,synthetic_internal,SYNTHIA,AP_50,pedestrian,0.347362170772531,0.5338442287659877,0.18648205799345668
ADD,large,synthetic_only,0,100,synthetic_internal,SYNTHIA,AP_50_95,all,0.2340428678484835,0.3955913769822903,0.1615485091338068
ADD,large,synthetic_only,0,100,synthetic_internal,SYNTHIA,AP_50_95,car,0.35862394508906853,0.5044822702876489,0.14585832519858039
ADD,large,synthetic_only,0,100,synthetic_internal,SYNTHIA,AP_50_95,cyclist,0.17658562920135212,0.3580079902127427,0.1814223610113906
ADD,large,synthetic_only,0,100,synthetic_internal,SYNTHIA,AP_50_95,pedestrian,0.16691902925502977,0.32428387044647927,0.1573648411914495
ADD,large,synthetic_only,0,100,synthetic_internal,SYNTHIA,AP_75,all,0.2251906067182797,0.4065732330597353,0.1813826263414556
ADD,large,synthetic_only,0,100,synthetic_internal,SYNTHIA,AP_75,car,0.378500673782516,0.5262638230498664,0.1477631492673504
ADD,large,synthetic_only,0,100,synthetic_internal,SYNTHIA,AP_75,cyclist,0.1580094689011526,0.37155191911645297,0.21354245021530036
ADD,large,synthetic_only,0,100,synthetic_internal,SYNTHIA,AP_75,pedestrian,0.1390616774711704,0.32190395701288654,0.18284227954171614
ADD,large,synthetic_only,0,100,synthetic_internal,SYNTHIA,AR_1,all,0.038624275436014495,0.04826096335520467,0.009636687919190173
ADD,large,synthetic_only,0,100,synthetic_internal,SYNTHIA,AR_1,car,,0.08037837279024083,
ADD,large,synthetic_only,0,100,synthetic_internal,SYNTHIA,AR_1,cyclist,,0.05129267949978916,
ADD,large,synthetic_only,0,100,synthetic_internal,SYNTHIA,AR_1,pedestrian,,0.013111837775584034,
ADD,large,synthetic_only,0,100,synthetic_internal,SYNTHIA,AR_10,all,0.2000808773341121,0.28012982084792104,0.08004894351380895
ADD,large,synthetic_only,0,100,synthetic_internal,SYNTHIA,AR_10,car,,0.426341362555567,
ADD,large,synthetic_only,0,100,synthetic_internal,SYNTHIA,AR_10,cyclist,,0.30002107629619224,
ADD,large,synthetic_only,0,100,synthetic_internal,SYNTHIA,AR_10,pedestrian,,0.11402702369200395,
ADD,large,synthetic_only,0,100,synthetic_internal,SYNTHIA,AR_100,all,0.27926621637497107,0.4231578898593888,0.14389167348441773
ADD,large,synthetic_only,0,100,synthetic_internal,SYNTHIA,AR_100,car,,0.5328371067231813,
ADD,large,synthetic_only,0,100,synthetic_internal,SYNTHIA,AR_100,cyclist,,0.38338251135778184,
ADD,large,synthetic_only,0,100,synthetic_internal,SYNTHIA,AR_100,pedestrian,,0.35325405149720296,
IS,small,hybrid_30_70,30,70,real_internal,IS_real,AP_50,all,0.04737854202874623,0.07297304863809397,0.025594506609347735
IS,small,hybrid_30_70,30,70,real_internal,IS_real,AP_50,phillips,0.09475708405749254,0.14594609727618799,0.05118901321869544
IS,small,hybrid_30_70,30,70,real_internal,IS_real,AP_50,slotted,0.0,0.0,0.0
IS,small,hybrid_30_70,30,70,real_internal,IS_real,AP_50_95,all,0.025766709611513432,0.05312312437368467,0.027356414762171235
IS,small,hybrid_30_70,30,70,real_internal,IS_real,AP_50_95,phillips,0.051533419223026934,0.10624624874736939,0.054712829524342456
IS,small,hybrid_30_70,30,70,real_internal,IS_real,AP_50_95,slotted,0.0,0.0,0.0
IS,small,hybrid_30_70,30,70,real_internal,IS_real,AP_75,all,0.02496058398469737,0.0588000340942219,0.033839450109524535
IS,small,hybrid_30_70,30,70,real_internal,IS_real,AP_75,phillips,0.04992116796939477,0.11760006818844387,0.0676789002190491
IS,small,hybrid_30_70,30,70,real_internal,IS_real,AP_75,slotted,0.0,0.0,0.0
IS,small,hybrid_30_70,30,70,real_internal,IS_real,AR_1,all,0.0192452830188679,0.024528301886792402,0.0052830188679245035
IS,small,hybrid_30_70,30,70,real_internal,IS_real,AR_1,phillips,,0.04905660377358487,
IS,small,hybrid_30_70,30,70,real_internal,IS_real,AR_1,slotted,,0.0,
IS,small,hybrid_30_70,30,70,real_internal,IS_real,AR_10,all,0.0574842767295597,0.06308176100628923,0.005597484276729535
