scenario,scale,architecture,regime,real_pct,synthetic_pct,eval_domain,eval_dataset,metric,class,seed,selected_seed,summary_value,summary_std,baseline_value,baseline_regime,delta
ADD,large,FasterRCNN,hybrid_30_70,30,70,real_internal,BDD,AP_50,all,,False,0.4176093382478759,0.003921051102664332,0.18173503636296892,synthetic_only,0.23587430188490696
ADD,large,FasterRCNN,hybrid_30_70,30,70,real_internal,BDD,AP_50,car,,False,0.6557566756096299,0.0016349829422160468,0.33129119984528266,synthetic_only,0.32446547576434726
ADD,large,FasterRCNN,hybrid_30_70,30,70,real_internal,BDD,AP_50,cyclist,,False,0.228515353313289,0.012218989211208295,0.06298551633039473,synthetic_only,0.16552983698289428
ADD,large,FasterRCNN,hybrid_30_70,30,70,real_internal,BDD,AP_50,pedestrian,,False,0.3685559858207088,0.004775987227326759,0.1509283929132293,synthetic_only,0.21762759290747952
ADD,large,FasterRCNN,hybrid_30_70,30,70,real_internal,BDD,AP_50_95,all,,False,0.19344977551747414,0.0019513859793772812,0.08272704297805866,synthetic_only,0.11072273253941547
ADD,large,FasterRCNN,hybrid_30_70,30,70,real_internal,BDD,AP_50_95,car,,False,0.3476484523459258,0.0011744134731571359,0.16089382840613536,synthetic_only,0.18675462393979042
ADD,large,FasterRCNN,hybrid_30_70,30,70,real_internal,BDD,AP_50_95,cyclist,,False,0.09303716733505353,0.006284542879299161,0.026165054740922733,synthetic_only,0.0668721125941308
ADD,large,FasterRCNN,hybrid_30_70,30,70,real_internal,BDD,AP_50_95,pedestrian,,False,0.13966370687144314,0.00182530146850571,0.061122245787117925,synthetic_only,0.07854146108432522
ADD,large,FasterRCNN,hybrid_30_70,30,70,real_internal,BDD,AP_75,all,,False,0.15669911488760394,0.0026857883107579226,0.06625567478785617,synthetic_only,0.09044344009974777
ADD,large,FasterRCNN,hybrid_30_70,30,70,real_internal,BDD,AP_75,car,,False,0.33026908037391295,0.0020725026217627866,0.14246602630058855,synthetic_only,0.1878030540733244
ADD,large,FasterRCNN,hybrid_30_70,30,70,real_internal,BDD,AP_75,cyclist,,False,0.06454676273632247,0.007613393893571533,0.017270310053056865,synthetic_only,0.04727645268326561
ADD,large,FasterRCNN,hybrid_30_70,30,70,real_internal,BDD,AP_75,pedestrian,,False,0.07528150155257644,0.002054393784545504,0.03903068800992307,synthetic_only,0.03625081354265337
ADD,large,FasterRCNN,hybrid_30_70,30,70,real_internal,BDD,AR_1,all,,False,0.08280388407982617,0.00184234299624479,0.045357936662387466,synthetic_only,0.0374459474174387
ADD,large,FasterRCNN,hybrid_30_70,30,70,real_internal,BDD,AR_10,all,,False,0.24457569005713584,0.0013782472423500296,0.12861226409618384,synthetic_only,0.115963425960952
ADD,large,FasterRCNN,hybrid_30_70,30,70,real_internal,BDD,AR_100,all,,False,0.28646617596517304,0.001176567856994917,0.15541363778681141,synthetic_only,0.13105253817836163
ADD,large,FasterRCNN,hybrid_30_70,30,70,synthetic_internal,SYNTHIA,AP_50,all,,False,0.41901793124075487,0.0011637659380361828,0.42508814286996804,synthetic_only,-0.006070211629213174
ADD,large,FasterRCNN,hybrid_30_70,30,70,synthetic_internal,SYNTHIA,AP_50,car,,False,0.5681064715779983,0.003034740846407323,0.5792128411952718,synthetic_only,-0.011106369617273515
ADD,large,FasterRCNN,hybrid_30_70,30,70,synthetic_internal,SYNTHIA,AP_50,cyclist,,False,0.34286447015651866,0.0004189147616604409,0.3486894166421013,synthetic_only,-0.005824946485582627
ADD,large,FasterRCNN,hybrid_30_70,30,70,synthetic_internal,SYNTHIA,AP_50,pedestrian,,False,0.34608285198774763,0.00048092569903470354,0.347362170772531,synthetic_only,-0.0012793187847833787
ADD,large,FasterRCNN,hybrid_30_70,30,70,synthetic_internal,SYNTHIA,AP_50_95,all,,False,0.2269104068869626,0.0014905290856432423,0.2340428678484835,synthetic_only,-0.007132460961520898
ADD,large,FasterRCNN,hybrid_30_70,30,70,synthetic_internal,SYNTHIA,AP_50_95,car,,False,0.3482758821536455,0.002217588208563465,0.35862394508906853,synthetic_only,-0.010348062935423008
ADD,large,FasterRCNN,hybrid_30_70,30,70,synthetic_internal,SYNTHIA,AP_50_95,cyclist,,False,0.16634310347515655,0.0014556204873629201,0.17658562920135212,synthetic_only,-0.010242525726195578
ADD,large,FasterRCNN,hybrid_30_70,30,70,synthetic_internal,SYNTHIA,AP_50_95,pedestrian,,False,0.1661122350320857,0.0010142072093397064,0.16691902925502977,synthetic_only,-0.0008067942229440794
ADD,large,FasterRCNN,hybrid_30_70,30,70,synthetic_internal,SYNTHIA,AP_75,all,,False,0.21319743330812999,0.00234157553085275,0.2251906067182797,synthetic_only,-0.011993173410149716
ADD,large,FasterRCNN,hybrid_30_70,30,70,synthetic_internal,SYNTHIA,AP_75,car,,False,0.36206004975353095,0.004297298190503183,0.378500673782516,synthetic_only,-0.01644062402898505
ADD,large,FasterRCNN,hybrid_30_70,30,70,synthetic_internal,SYNTHIA,AP_75,cyclist,,False,0.13933971626327327,0.0023462751858873993,0.1580094689011526,synthetic_only,-0.018669752637879344
ADD,large,FasterRCNN,hybrid_30_70,30,70,synthetic_internal,SYNTHIA,AP_75,pedestrian,,False,0.13819253390758587,0.0017448473567933484,0.1390616774711704,synthetic_only,-0.000869143563584529
ADD,large,FasterRCNN,hybrid_30_70,30,70,synthetic_internal,SYNTHIA,AR_1,all,,False,0.03782956840098983,0.000109164785182048,0.038624275436014495,synthetic_only,-0.0007947070350246624
ADD,large,FasterRCNN,hybrid_30_70,30,70,synthetic_internal,SYNTHIA,AR_10,all,,False,0.19448980905257504,0.0006421169565873181,0.2000808773341121,synthetic_only,-0.005591068281537048
ADD,large,FasterRCNN,hybrid_30_70,30,70,synthetic_internal,SYNTHIA,AR_100,all,,False,0.2712016678759586,0.001027674664768145,0.27926621637497107,synthetic_only,-0.008064548499012447
ADD,large,FasterRCNN,hybrid_50_50,50,50,real_internal,BDD,AP_50,all,,False,0.4402425166254625,0.0009994977423808198,0.18173503636296892,synthetic_only,0.2585074802624936
ADD,large,FasterRCNN,hybrid_50_50,50,50,real_internal,BDD,AP_50,car,,False,0.6773121485771578,0.002609594171197034,0.33129119984528266,synthetic_only,0.34602094873187517
ADD,large,FasterRCNN,hybrid_50_50,50,50,real_internal,BDD,AP_50,cyclist,,False,0.2466444822726609,0.000694254416372749,0.06298551633039473,synthetic_only,0.18365896594226616
ADD,large,FasterRCNN,hybrid_50_50,50,50,real_internal,BDD,AP_50,pedestrian,,False,0.39677091902656886,0.0007386648322631967,0.1509283929132293,synthetic_only,0.24584252611333957
ADD,large,FasterRCNN,hybrid_50_50,50,50,real_internal,BDD,AP_50_95,all,,False,0.20486484269672933,0.0005045188767427957,0.08272704297805866,synthetic_only,0.12213779971867067
ADD,large,FasterRCNN,hybrid_50_50,50,50,real_internal,BDD,AP_50_95,car,,False,0.3624209674070997,0.001230084210086734,0.16089382840613536,synthetic_only,0.20152713900096436
ADD,large,FasterRCNN,hybrid_50_50,50,50,real_internal,BDD,AP_50_95,cyclist,,False,0.10322084908894873,0.0016531420558887025,0.026165054740922733,synthetic_only,0.077055794348026
ADD,large,FasterRCNN,hybrid_50_50,50,50,real_internal,BDD,AP_50_95,pedestrian,,False,0.14895271159413945,0.0002347121658783525,0.061122245787117925,synthetic_only,0.08783046580702153
ADD,large,FasterRCNN,hybrid_50_50,50,50,real_internal,BDD,AP_75,all,,False,0.16591423334890373,0.00039086232279394176,0.06625567478785617,synthetic_only,0.09965855856104756
ADD,large,FasterRCNN,hybrid_50_50,50,50,real_internal,BDD,AP_75,car,,False,0.3463878509626508,0.0010296687563509325,0.14246602630058855,synthetic_only,0.20392182466206224
ADD,large,FasterRCNN,hybrid_50_50,50,50,real_internal,BDD,AP_75,cyclist,,False,0.07092403592878727,0.002887409843204454,0.017270310053056865,synthetic_only,0.053653725875730404
ADD,large,FasterRCNN,hybrid_50_50,50,50,real_internal,BDD,AP_75,pedestrian,,False,0.08043081315527313,0.0032176145776458753,0.03903068800992307,synthetic_only,0.04140012514535006
ADD,large,FasterRCNN,hybrid_50_50,50,50,real_internal,BDD,AR_1,all,,False,0.08529924849431976,0.001336334861924718,0.045357936662387466,synthetic_only,0.039941311831932294
ADD,large,FasterRCNN,hybrid_50_50,50,50,real_internal,BDD,AR_10,all,,False,0.2545938030480486,0.0015480775700647679,0.12861226409618384,synthetic_only,0.12598153895186473
ADD,large,FasterRCNN,hybrid_50_50,50,50,real_internal,BDD,AR_100,all,,False,0.29795614038885493,0.0018232401782931446,0.15541363778681141,synthetic_only,0.1425425026020435
ADD,large,FasterRCNN,hybrid_50_50,50,50,synthetic_internal,SYNTHIA,AP_50,all,,False,0.4073984836097246,0.0006801349578555642,0.42508814286996804,synthetic_only,-0.017689659260243462
ADD,large,FasterRCNN,hybrid_50_50,50,50,synthetic_internal,SYNTHIA,AP_50,car,,False,0.5523822088882896,0.0014351114191139933,0.5792128411952718,synthetic_only,-0.02683063230698224
ADD,large,FasterRCNN,hybrid_50_50,50,50,synthetic_internal,SYNTHIA,AP_50,cyclist,,False,0.3333590161341761,0.0013732024089870131,0.3486894166421013,synthetic_only,-0.015330400507925168
ADD,large,FasterRCNN,hybrid_50_50,50,50,synthetic_internal,SYNTHIA,AP_50,pedestrian,,False,0.33645422580670775,0.0007209889562532722,0.347362170772531,synthetic_only,-0.010907944965823257
ADD,large,FasterRCNN,hybrid_50_50,50,50,synthetic_internal,SYNTHIA,AP_50_95,all,,False,0.21856352757603884,0.0006638971536743853,0.2340428678484835,synthetic_only,-0.015479340272444658
ADD,large,FasterRCNN,hybrid_50_50,50,50,synthetic_internal,SYNTHIA,AP_50_95,car,,False,0.33742120964126143,0.0015623400606818224,0.35862394508906853,synthetic_only,-0.021202735447807097
ADD,large,FasterRCNN,hybrid_50_50,50,50,synthetic_internal,SYNTHIA,AP_50_95,cyclist,,False,0.15692635469679697,0.0009282212462411539,0.17658562920135212,synthetic_only,-0.019659274504555152
ADD,large,FasterRCNN,hybrid_50_50,50,50,synthetic_internal,SYNTHIA,AP_50_95,pedestrian,,False,0.16134301839005824,0.0011288690776622937,0.16691902925502977,synthetic_only,-0.005576010864971531
ADD,large,FasterRCNN,hybrid_50_50,50,50,synthetic_internal,SYNTHIA,AP_75,all,,False,0.20281286963990217,0.0008939741388894797,0.2251906067182797,synthetic_only,-0.022377737078377535
ADD,large,FasterRCNN,hybrid_50_50,50,50,synthetic_internal,SYNTHIA,AP_75,car,,False,0.3481766340966959,0.0020371925649079006,0.378500673782516,synthetic_only,-0.030324039685820092
ADD,large,FasterRCNN,hybrid_50_50,50,50,synthetic_internal,SYNTHIA,AP_75,cyclist,,False,0.12502625681693416,0.00044301859777127523,0.1580094689011526,synthetic_only,-0.03298321208421845
ADD,large,FasterRCNN,hybrid_50_50,50,50,synthetic_internal,SYNTHIA,AP_75,pedestrian,,False,0.1352357180060765,0.0011685158104166717,0.1390616774711704,synthetic_only,-0.0038259594650938977
ADD,large,FasterRCNN,hybrid_50_50,50,50,synthetic_internal,SYNTHIA,AR_1,all,,False,0.037078452238982866,6.084392681619473e-05,0.038624275436014495,synthetic_only,-0.0015458231970316288
ADD,large,FasterRCNN,hybrid_50_50,50,50,synthetic_internal,SYNTHIA,AR_10,all,,False,0.18917590960359928,0.0004313389971352652,0.2000808773341121,synthetic_only,-0.010904967730512805
ADD,large,FasterRCNN,hybrid_50_50,50,50,synthetic_internal,SYNTHIA,AR_100,all,,False,0.2635307669819886,0.00035633934853807997,0.27926621637497107,synthetic_only,-0.015735449392982492
ADD,large,FasterRCNN,hybrid_70_30,70,30,real_internal,BDD,AP_50,all,,False,0.4774077738498028,0.0010639231765818865,0.18173503636296892,synthetic_only,0.29567273748683387
ADD,large,FasterRCNN,hybrid_70_30,70,30,real_internal,BDD,AP_50,car,,False,0.7153518919394916,0.002135769602788104,0.33129119984528266,synthetic_only,0.3840606920942089
ADD,large,FasterRCNN,hybrid_70_30,70,30,real_internal,BDD,AP_50,cyclist,,False,0.2817632116608127,0.006031533645501255,0.06298551633039473,synthetic_only,0.21877769533041797
ADD,large,FasterRCNN,hybrid_70_30,70,30,real_internal,BDD,AP_50,pedestrian,,False,0.4351082179491043,0.0038961020158908015,0.1509283929132293,synthetic_only,0.284179825035875
ADD,large,FasterRCNN,hybrid_70_30,70,30,real_internal,BDD,AP_50_95,all,,False,0.21869857012404018,0.0012870546983274227,0.08272704297805866,synthetic_only,0.1359715271459815
ADD,large,FasterRCNN,hybrid_70_30,70,30,real_internal,BDD,AP_50_95,car,,False,0.38486701483122715,0.000666832384549131,0.16089382840613536,synthetic_only,0.22397318642509179
ADD,large,FasterRCNN,hybrid_70_30,70,30,real_internal,BDD,AP_50_95,cyclist,,False,0.1147965946653311,0.0038425928684404265,0.026165054740922733,synthetic_only,0.08863153992440836
ADD,large,FasterRCNN,hybrid_70_30,70,30,real_internal,BDD,AP_50_95,pedestrian,,False,0.15643210087556222,0.0004935575443374497,0.061122245787117925,synthetic_only,0.0953098550884443
ADD,large,FasterRCNN,hybrid_70_30,70,30,real_internal,BDD,AP_75,all,,False,0.17180623914122492,0.0018978441630271542,0.06625567478785617,synthetic_only,0.10555056435336875
ADD,large,FasterRCNN,hybrid_70_30,70,30,real_internal,BDD,AP_75,car,,False,0.36774503317830914,0.001341205428299667,0.14246602630058855,synthetic_only,0.2252790068777206
ADD,large,FasterRCNN,hybrid_70_30,70,30,real_internal,BDD,AP_75,cyclist,,False,0.07300796173745473,0.006093175060171731,0.017270310053056865,synthetic_only,0.05573765168439787
ADD,large,FasterRCNN,hybrid_70_30,70,30,real_internal,BDD,AP_75,pedestrian,,False,0.0746657225079108,0.0010060915534190285,0.03903068800992307,synthetic_only,0.03563503449798773
ADD,large,FasterRCNN,hybrid_70_30,70,30,real_internal,BDD,AR_1,all,,False,0.09055370846180215,0.00127497879959958,0.045357936662387466,synthetic_only,0.04519577179941468
ADD,large,FasterRCNN,hybrid_70_30,70,30,real_internal,BDD,AR_10,all,,False,0.27081158465901184,0.002795270521175884,0.12861226409618384,synthetic_only,0.142199320562828
ADD,large,FasterRCNN,hybrid_70_30,70,30,real_internal,BDD,AR_100,all,,False,0.31962894436186146,0.003261947143142169,0.15541363778681141,synthetic_only,0.16421530657505004
ADD,large,FasterRCNN,hybrid_70_30,70,30,synthetic_internal,SYNTHIA,AP_50,all,,False,0.4013194662662311,0.0003968116403414554,0.42508814286996804,synthetic_only,-0.023768676603736938
ADD,large,FasterRCNN,hybrid_70_30,70,30,synthetic_internal,SYNTHIA,AP_50,car,,False,0.5530485185506934,0.003258358205863834,0.5792128411952718,synthetic_only,-0.026164322644578464
ADD,large,FasterRCNN,hybrid_70_30,70,30,synthetic_internal,SYNTHIA,AP_50,cyclist,,False,0.31914836821612363,0.0010024762775922421,0.3486894166421013,synthetic_only,-0.029541048425977656
ADD,large,FasterRCNN,hybrid_70_30,70,30,synthetic_internal,SYNTHIA,AP_50,pedestrian,,False,0.33176151203187637,0.004071231505249558,0.347362170772531,synthetic_only,-0.015600658740654638
ADD,large,FasterRCNN,hybrid_70_30,70,30,synthetic_internal,SYNTHIA,AP_50_95,all,,False,0.21122487340991492,0.00048173653280558434,0.2340428678484835,synthetic_only,-0.02281799443856858
ADD,large,FasterRCNN,hybrid_70_30,70,30,synthetic_internal,SYNTHIA,AP_50_95,car,,False,0.3317600461320966,0.0017926313070648057,0.35862394508906853,synthetic_only,-0.026863898956971943
ADD,large,FasterRCNN,hybrid_70_30,70,30,synthetic_internal,SYNTHIA,AP_50_95,cyclist,,False,0.14802452759503928,0.0006186541511552113,0.17658562920135212,synthetic_only,-0.02856110160631284
ADD,large,FasterRCNN,hybrid_70_30,70,30,synthetic_internal,SYNTHIA,AP_50_95,pedestrian,,False,0.15389004650260893,0.0008977148386375762,0.16691902925502977,synthetic_only,-0.013028982752420842
ADD,large,FasterRCNN,hybrid_70_30,70,30,synthetic_internal,SYNTHIA,AP_75,all,,False,0.19189736691641066,0.0004310237722683811,0.2251906067182797,synthetic_only,-0.033293239801869046
ADD,large,FasterRCNN,hybrid_70_30,70,30,synthetic_internal,SYNTHIA,AP_75,car,,False,0.3401308238327158,0.0006954046549139679,0.378500673782516,synthetic_only,-0.038369849949800194
ADD,large,FasterRCNN,hybrid_70_30,70,30,synthetic_internal,SYNTHIA,AP_75,cyclist,,False,0.11357459084841799,0.0006280433762287307,0.1580094689011526,synthetic_only,-0.04443487805273462
ADD,large,FasterRCNN,hybrid_70_30,70,30,synthetic_internal,SYNTHIA,AP_75,pedestrian,,False,0.12198668606809822,0.0009693345577733421,0.1390616774711704,synthetic_only,-0.017074991403072184
ADD,large,FasterRCNN,hybrid_70_30,70,30,synthetic_internal,SYNTHIA,AR_1,all,,False,0.036609438687031065,0.0001314471705604786,0.038624275436014495,synthetic_only,-0.00201483674898343
ADD,large,FasterRCNN,hybrid_70_30,70,30,synthetic_internal,SYNTHIA,AR_10,all,,False,0.18486820889940592,0.00037867872935704207,0.2000808773341121,synthetic_only,-0.015212668434706172
ADD,large,FasterRCNN,hybrid_70_30,70,30,synthetic_internal,SYNTHIA,AR_100,all,,False,0.25926200127887816,0.0004951890541548913,0.27926621637497107,synthetic_only,-0.020004215096092903
ADD,large,FasterRCNN,real_only,100,0,real_internal,BDD,AP_50,all,,False,0.4870774362961748,0.0026205265385013956,0.18173503636296892,synthetic_only,0.3053423999332059
ADD,large,FasterRCNN,real_only,100,0,real_internal,BDD,AP_50,car,,False,0.7123753190398295,0.003082339721594521,0.33129119984528266,synthetic_only,0.3810841191945469
ADD,large,FasterRCNN,real_only,100,0,real_internal,BDD,AP_50,cyclist,,False,0.29719370862060673,0.0055362495366043304,0.06298551633039473,synthetic_only,0.234208192290212
ADD,large,FasterRCNN,real_only,100,0,real_internal,BDD,AP_50,pedestrian,,False,0.45166328122808813,0.005820628577394834,0.1509283929132293,synthetic_only,0.30073488831485884
ADD,large,FasterRCNN,real_only,100,0,real_internal,BDD,AP_50_95,all,,False,0.21669701610629621,0.0012413970046619691,0.08272704297805866,synthetic_only,0.13396997312823755
ADD,large,FasterRCNN,real_only,100,0,real_internal,BDD,AP_50_95,car,,False,0.38153337450562214,0.0014612455361396434,0.16089382840613536,synthetic_only,0.22063954609948677
ADD,large,FasterRCNN,real_only,100,0,real_internal,BDD,AP_50_95,cyclist,,False,0.11385350349984791,0.0003670749610694219,0.026165054740922733,synthetic_only,0.08768844875892517
ADD,large,FasterRCNN,real_only,100,0,real_internal,BDD,AP_50_95,pedestrian,,False,0.1547041703134186,0.0026328894042117437,0.061122245787117925,synthetic_only,0.09358192452630068
ADD,large,FasterRCNN,real_only,100,0,real_internal,BDD,AP_75,all,,False,0.15858756474667113,0.003698112096254527,0.06625567478785617,synthetic_only,0.09233188995881496
ADD,large,FasterRCNN,real_only,100,0,real_internal,BDD,AP_75,car,,False,0.36119738090874304,0.002380906165228399,0.14246602630058855,synthetic_only,0.2187313546081545
ADD,large,FasterRCNN,real_only,100,0,real_internal,BDD,AP_75,cyclist,,False,0.0543191300627118,0.005931457954779859,0.017270310053056865,synthetic_only,0.03704882000965494
ADD,large,FasterRCNN,real_only,100,0,real_internal,BDD,AP_75,pedestrian,,False,0.0602461832685586,0.0031089838260322787,0.03903068800992307,synthetic_only,0.02121549525863553
ADD,large,FasterRCNN,real_only,100,0,real_internal,BDD,AR_1,all,,False,0.08580625160195397,0.001072442657611861,0.045357936662387466,synthetic_only,0.04044831493956651
ADD,large,FasterRCNN,real_only,100,0,real_internal,BDD,AR_10,all,,False,0.26601524434444074,0.0026880900710052245,0.12861226409618384,synthetic_only,0.1374029802482569
ADD,large,FasterRCNN,real_only,100,0,real_internal,BDD,AR_100,all,,False,0.3133089312061561,0.0008321401423655991,0.15541363778681141,synthetic_only,0.1578952934193447
ADD,large,FasterRCNN,real_only,100,0,synthetic_internal,SYNTHIA,AP_50,all,,False,0.15953617503479542,0.001983507123201536,0.42508814286996804,synthetic_only,-0.26555196783517265
ADD,large,FasterRCNN,real_only,100,0,synthetic_internal,SYNTHIA,AP_50,car,,False,0.2186296869979156,0.003423651572335648,0.5792128411952718,synthetic_only,-0.3605831541973562
ADD,large,FasterRCNN,real_only,100,0,synthetic_internal,SYNTHIA,AP_50,cyclist,,False,0.066570820479631,0.0018130906916558403,0.3486894166421013,synthetic_only,-0.28211859616247026
ADD,large,FasterRCNN,real_only,100,0,synthetic_internal,SYNTHIA,AP_50,pedestrian,,False,0.1934080176268397,0.0018335641153436315,0.347362170772531,synthetic_only,-0.1539541531456913
ADD,large,FasterRCNN,real_only,100,0,synthetic_internal,SYNTHIA,AP_50_95,all,,False,0.0674667248279897,0.0008148418460189725,0.2340428678484835,synthetic_only,-0.16657614302049378
ADD,large,FasterRCNN,real_only,100,0,synthetic_internal,SYNTHIA,AP_50_95,car,,False,0.10691748759277743,0.0011473403950530744,0.35862394508906853,synthetic_only,-0.2517064574962911
ADD,large,FasterRCNN,real_only,100,0,synthetic_internal,SYNTHIA,AP_50_95,cyclist,,False,0.023449195167762404,0.000954164160467423,0.17658562920135212,synthetic_only,-0.15313643403358973
ADD,large,FasterRCNN,real_only,100,0,synthetic_internal,SYNTHIA,AP_50_95,pedestrian,,False,0.07203349172342927,0.001020905998267599,0.16691902925502977,synthetic_only,-0.0948855375316005
ADD,large,FasterRCNN,real_only,100,0,synthetic_internal,SYNTHIA,AP_75,all,,False,0.04859353626020643,0.0015107808093548448,0.2251906067182797,synthetic_only,-0.17659707045807327
ADD,large,FasterRCNN,real_only,100,0,synthetic_internal,SYNTHIA,AP_75,car,,False,0.09573469548830323,0.001087461476920551,0.378500673782516,synthetic_only,-0.2827659782942128
ADD,large,FasterRCNN,real_only,100,0,synthetic_internal,SYNTHIA,AP_75,cyclist,,False,0.0097909673622669,0.003305468148146922,0.1580094689011526,synthetic_only,-0.14821850153888572
ADD,large,FasterRCNN,real_only,100,0,synthetic_internal,SYNTHIA,AP_75,pedestrian,,False,0.04025494593004927,0.0006225339156200469,0.1390616774711704,synthetic_only,-0.09880673154112113
ADD,large,FasterRCNN,real_only,100,0,synthetic_internal,SYNTHIA,AR_1,all,,False,0.020113259586054064,0.00011533509899679615,0.038624275436014495,synthetic_only,-0.01851101584996043
ADD,large,FasterRCNN,real_only,100,0,synthetic_internal,SYNTHIA,AR_10,all,,False,0.07614413691993423,0.0013106939492111358,0.2000808773341121,synthetic_only,-0.12393674041417786
ADD,large,FasterRCNN,real_only,100,0,synthetic_internal,SYNTHIA,AR_100,all,,False,0.10329554476485463,0.001342758241573031,0.27926621637497107,synthetic_only,-0.17597067161011642
ADD,large,FasterRCNN,synthetic_only,0,100,real_internal,BDD,AP_50,all,,False,0.18173503636296892,0.0064626911816537,0.18173503636296892,synthetic_only,0.0
ADD,large,FasterRCNN,synthetic_only,0,100,real_internal,BDD,AP_50,car,,False,0.33129119984528266,0.009687035891622911,0.33129119984528266,synthetic_only,0.0
ADD,large,FasterRCNN,synthetic_only,0,100,real_internal,BDD,AP_50,cyclist,,False,0.06298551633039473,0.008896828391200883,0.06298551633039473,synthetic_only,0.0
ADD,large,FasterRCNN,synthetic_only,0,100,real_internal,BDD,AP_50,pedestrian,,False,0.1509283929132293,0.010003483684345138,0.1509283929132293,synthetic_only,0.0
ADD,large,FasterRCNN,synthetic_only,0,100,real_internal,BDD,AP_50_95,all,,False,0.08272704297805866,0.002286172469301102,0.08272704297805866,synthetic_only,0.0
ADD,large,FasterRCNN,synthetic_only,0,100,real_internal,BDD,AP_50_95,car,,False,0.16089382840613536,0.003497166522690371,0.16089382840613536,synthetic_only,0.0
ADD,large,FasterRCNN,synthetic_only,0,100,real_internal,BDD,AP_50_95,cyclist,,False,0.026165054740922733,0.001761569584863157,0.026165054740922733,synthetic_only,0.0
ADD,large,FasterRCNN,synthetic_only,0,100,real_internal,BDD,AP_50_95,pedestrian,,False,0.061122245787117925,0.0034552148054144494,0.061122245787117925,synthetic_only,0.0
ADD,large,FasterRCNN,synthetic_only,0,100,real_internal,BDD,AP_75,all,,False,0.06625567478785617,0.0018176142672948143,0.06625567478785617,synthetic_only,0.0
ADD,large,FasterRCNN,synthetic_only,0,100,real_internal,BDD,AP_75,car,,False,0.14246602630058855,0.003868846111818564,0.14246602630058855,synthetic_only,0.0
ADD,large,FasterRCNN,synthetic_only,0,100,real_internal,BDD,AP_75,cyclist,,False,0.017270310053056865,0.0017642675317448792,0.017270310053056865,synthetic_only,0.0
ADD,large,FasterRCNN,synthetic_only,0,100,real_internal,BDD,AP_75,pedestrian,,False,0.03903068800992307,0.0014356430767017612,0.03903068800992307,synthetic_only,0.0
ADD,large,FasterRCNN,synthetic_only,0,100,real_internal,BDD,AR_1,all,,False,0.045357936662387466,0.002435424305792305,0.045357936662387466,synthetic_only,0.0
ADD,large,FasterRCNN,synthetic_only,0,100,real_internal,BDD,AR_10,all,,False,0.12861226409618384,0.004059050767469212,0.12861226409618384,synthetic_only,0.0
ADD,large,FasterRCNN,synthetic_only,0,100,real_internal,BDD,AR_100,all,,False,0.15541363778681141,0.005596813203317756,0.15541363778681141,synthetic_only,0.0
ADD,large,FasterRCNN,synthetic_only,0,100,synthetic_internal,SYNTHIA,AP_50,all,,False,0.42508814286996804,0.001024561708048993,0.42508814286996804,synthetic_only,0.0
ADD,large,FasterRCNN,synthetic_only,0,100,synthetic_internal,SYNTHIA,AP_50,car,,False,0.5792128411952718,0.00103891063870062,0.5792128411952718,synthetic_only,0.0
ADD,large,FasterRCNN,synthetic_only,0,100,synthetic_internal,SYNTHIA,AP_50,cyclist,,False,0.3486894166421013,0.0022621875924354125,0.3486894166421013,synthetic_only,0.0
ADD,large,FasterRCNN,synthetic_only,0,100,synthetic_internal,SYNTHIA,AP_50,pedestrian,,False,0.347362170772531,0.00032398580489112646,0.347362170772531,synthetic_only,0.0
ADD,large,FasterRCNN,synthetic_only,0,100,synthetic_internal,SYNTHIA,AP_50_95,all,,False,0.2340428678484835,0.0009620757542699434,0.2340428678484835,synthetic_only,0.0
ADD,large,FasterRCNN,synthetic_only,0,100,synthetic_internal,SYNTHIA,AP_50_95,car,,False,0.35862394508906853,0.0008610817630950418,0.35862394508906853,synthetic_only,0.0
ADD,large,FasterRCNN,synthetic_only,0,100,synthetic_internal,SYNTHIA,AP_50_95,cyclist,,False,0.17658562920135212,0.0016100110980511928,0.17658562920135212,synthetic_only,0.0
ADD,large,FasterRCNN,synthetic_only,0,100,synthetic_internal,SYNTHIA,AP_50_95,pedestrian,,False,0.16691902925502977,0.0005715333485847837,0.16691902925502977,synthetic_only,0.0
ADD,large,FasterRCNN,synthetic_only,0,100,synthetic_internal,SYNTHIA,AP_75,all,,False,0.2251906067182797,0.0010500417650075528,0.2251906067182797,synthetic_only,0.0
ADD,large,FasterRCNN,synthetic_only,0,100,synthetic_internal,SYNTHIA,AP_75,car,,False,0.378500673782516,0.0024961834737108014,0.378500673782516,synthetic_only,0.0
ADD,large,FasterRCNN,synthetic_only,0,100,synthetic_internal,SYNTHIA,AP_75,cyclist,,False,0.1580094689011526,0.0005349203068739383,0.1580094689011526,synthetic_only,0.0
ADD,large,FasterRCNN,synthetic_only,0,100,synthetic_internal,SYNTHIA,AP_75,pedestrian,,False,0.1390616774711704,0.000610115377973539,0.1390616774711704,synthetic_only,0.0
ADD,large,FasterRCNN,synthetic_only,0,100,synthetic_internal,SYNTHIA,AR_1,all,,False,0.038624275436014495,0.00013149720260089302,0.038624275436014495,synthetic_only,0.0
ADD,large,FasterRCNN,synthetic_only,0,100,synthetic_internal,SYNTHIA,AR_10,all,,False,0.2000808773341121,0.00011214834464104377,0.2000808773341121,synthetic_only,0.0
ADD,large,FasterRCNN,synthetic_only,0,100,synthetic_internal,SYNTHIA,AR_100,all,,False,0.27926621637497107,0.0009318353241985225,0.27926621637497107,synthetic_only,0.0
ADD,large,YOLOv8m,hybrid_30_70,30,70,real_internal,BDD,AP_50,all,,False,0.5179485171954105,0.0015447077132127673,0.13367774388849563,synthetic_only,0.38427077330691484
ADD,large,YOLOv8m,hybrid_30_70,30,70,real_internal,BDD,AP_50,car,,False,0.7116037575179638,0.0004350788450600668,0.14762909347434594,synthetic_only,0.5639746640436178
ADD,large,YOLOv8m,hybrid_30_70,30,70,real_internal,BDD,AP_50,cyclist,,False,0.3070777324656327,0.003195174689394433,0.049952013543098334,synthetic_only,0.25712571892253433
ADD,large,YOLOv8m,hybrid_30_70,30,70,real_internal,BDD,AP_50,pedestrian,,False,0.5351640616026346,0.003454218815744941,0.20345212464804271,synthetic_only,0.3317119369545919
ADD,large,YOLOv8m,hybrid_30_70,30,70,real_internal,BDD,AP_50_95,all,,False,0.2796987102001265,0.0002894145886296596,0.06171790835888493,synthetic_only,0.21798080184124155
ADD,large,YOLOv8m,hybrid_30_70,30,70,real_internal,BDD,AP_50_95,car,,False,0.422894529539293,0.00019691945007005923,0.06890935100879973,synthetic_only,0.35398517853049327
ADD,large,YOLOv8m,hybrid_30_70,30,70,real_internal,BDD,AP_50_95,cyclist,,False,0.15808657192336914,0.0008947014722201412,0.020774704086644998,synthetic_only,0.13731186783672414
ADD,large,YOLOv8m,hybrid_30_70,30,70,real_internal,BDD,AP_50_95,pedestrian,,False,0.25811502913771717,0.0014191918575045604,0.09546966998121008,synthetic_only,0.16264535915650707
ADD,large,YOLOv8m,hybrid_30_70,30,70,real_internal,BDD,AP_75,all,,False,0.2564927639201757,0.0039497033336300495,0.04688197985228667,synthetic_only,0.20961078406788905
ADD,large,YOLOv8m,hybrid_30_70,30,70,real_internal,BDD,AP_75,car,,False,0.4156187264722308,0.0009258630911086928,0.055805478413950366,synthetic_only,0.3598132480582804
ADD,large,YOLOv8m,hybrid_30_70,30,70,real_internal,BDD,AP_75,cyclist,,False,0.14195684472028788,0.014727576693686016,0.012912607751568,synthetic_only,0.1290442369687199
ADD,large,YOLOv8m,hybrid_30_70,30,70,real_internal,BDD,AP_75,pedestrian,,False,0.2119027205680085,0.006717614416520858,0.0719278533913416,synthetic_only,0.1399748671766669
ADD,large,YOLOv8m,hybrid_30_70,30,70,real_internal,BDD,AR_1,all,,False,0.10626050482159283,0.002128610149667277,0.03781904904477693,synthetic_only,0.0684414557768159
ADD,large,YOLOv8m,hybrid_30_70,30,70,real_internal,BDD,AR_1,car,,False,0.07753578095830736,0.00023915286756661535,0.025585432155372862,synthetic_only,0.051950348802934504
ADD,large,YOLOv8m,hybrid_30_70,30,70,real_internal,BDD,AR_1,cyclist,,False,0.13518987341772146,0.006049520579923287,0.03358649789029534,synthetic_only,0.10160337552742613
ADD,large,YOLOv8m,hybrid_30_70,30,70,real_internal,BDD,AR_1,pedestrian,,False,0.10605586008874963,0.0009997764553487656,0.05428521708866263,synthetic_only,0.051770643000087005
ADD,large,YOLOv8m,hybrid_30_70,30,70,real_internal,BDD,AR_10,all,,False,0.32397556233624364,0.002760823189156948,0.1090784413844532,synthetic_only,0.21489712095179042
ADD,large,YOLOv8m,hybrid_30_70,30,70,real_internal,BDD,AR_10,car,,False,0.3988984595901702,0.0005417205872951614,0.10223910741383636,synthetic_only,0.2966593521763338
ADD,large,YOLOv8m,hybrid_30_70,30,70,real_internal,BDD,AR_10,cyclist,,False,0.2643881856540084,0.00969105635102491,0.07232067510548519,synthetic_only,0.19206751054852322
ADD,large,YOLOv8m,hybrid_30_70,30,70,real_internal,BDD,AR_10,pedestrian,,False,0.30864004176455234,0.0017465514965617414,0.15267554163403807,synthetic_only,0.15596450013051427
ADD,large,YOLOv8m,hybrid_30_70,30,70,real_internal,BDD,AR_100,all,,False,0.3850204757984803,0.004849902920547525,0.1572940335126356,synthetic_only,0.2277264422858447
ADD,large,YOLOv8m,hybrid_30_70,30,70,real_internal,BDD,AR_100,car,,False,0.49233397744516866,0.0004561317904680232,0.15469382853524602,synthetic_only,0.33764014890992267
ADD,large,YOLOv8m,hybrid_30_70,30,70,real_internal,BDD,AR_100,cyclist,,False,0.2822784810126582,0.013588594329437662,0.09679324894514763,synthetic_only,0.18548523206751055
ADD,large,YOLOv8m,hybrid_30_70,30,70,real_internal,BDD,AR_100,pedestrian,,False,0.3804489689376142,0.0016244696301228193,0.22039502305751327,synthetic_only,0.16005394588010094
ADD,large,YOLOv8m,hybrid_30_70,30,70,synthetic_internal,SYNTHIA,AP_50,all,,False,0.5780425538892567,0.0004708060367101872,0.5951366798916754,synthetic_only,-0.017094126002418664
ADD,large,YOLOv8m,hybrid_30_70,30,70,synthetic_internal,SYNTHIA,AP_50,car,,False,0.6820148559428366,0.0009878828453459495,0.6987551533203277,synthetic_only,-0.016740297377491054
ADD,large,YOLOv8m,hybrid_30_70,30,70,synthetic_internal,SYNTHIA,AP_50,cyclist,,False,0.5305186246859993,0.0005894812297913278,0.552810657588711,synthetic_only,-0.022292032902711645
ADD,large,YOLOv8m,hybrid_30_70,30,70,synthetic_internal,SYNTHIA,AP_50,pedestrian,,False,0.5215941810389341,0.0002826426420725847,0.5338442287659877,synthetic_only,-0.012250047727053626
ADD,large,YOLOv8m,hybrid_30_70,30,70,synthetic_internal,SYNTHIA,AP_50_95,all,,False,0.3780748904093703,0.0004149756557994549,0.3955913769822903,synthetic_only,-0.017516486572919987
ADD,large,YOLOv8m,hybrid_30_70,30,70,synthetic_internal,SYNTHIA,AP_50_95,car,,False,0.4850321649227461,0.0008357205119814759,0.5044822702876489,synthetic_only,-0.019450105364902825
ADD,large,YOLOv8m,hybrid_30_70,30,70,synthetic_internal,SYNTHIA,AP_50_95,cyclist,,False,0.33724219729276067,0.0006905145840459111,0.3580079902127427,synthetic_only,-0.02076579291998204
ADD,large,YOLOv8m,hybrid_30_70,30,70,synthetic_internal,SYNTHIA,AP_50_95,pedestrian,,False,0.31195030901260407,0.00027261042258764604,0.32428387044647927,synthetic_only,-0.012333561433875206
ADD,large,YOLOv8m,hybrid_30_70,30,70,synthetic_internal,SYNTHIA,AP_75,all,,False,0.38769659177295807,0.0012717875946596134,0.4065732330597353,synthetic_only,-0.01887664128677724
ADD,large,YOLOv8m,hybrid_30_70,30,70,synthetic_internal,SYNTHIA,AP_75,car,,False,0.5066886151440406,0.0018907376805956516,0.5262638230498664,synthetic_only,-0.019575207905825787
ADD,large,YOLOv8m,hybrid_30_70,30,70,synthetic_internal,SYNTHIA,AP_75,cyclist,,False,0.3489131692339746,0.00037108876407266435,0.37155191911645297,synthetic_only,-0.02263874988247838
ADD,large,YOLOv8m,hybrid_30_70,30,70,synthetic_internal,SYNTHIA,AP_75,pedestrian,,False,0.30748799094085905,0.0019458564619323415,0.32190395701288654,synthetic_only,-0.014415966072027497
ADD,large,YOLOv8m,hybrid_30_70,30,70,synthetic_internal,SYNTHIA,AR_1,all,,False,0.04742246326012667,0.00011679230523286324,0.04826096335520467,synthetic_only,-0.000838500095078
ADD,large,YOLOv8m,hybrid_30_70,30,70,synthetic_internal,SYNTHIA,AR_1,car,,False,0.07911713015610457,0.00023483545314997146,0.08037837279024083,synthetic_only,-0.001261242634136267
ADD,large,YOLOv8m,hybrid_30_70,30,70,synthetic_internal,SYNTHIA,AR_1,cyclist,,False,0.050138166830593335,0.00016689406400259322,0.05129267949978916,synthetic_only,-0.0011545126691958271
ADD,large,YOLOv8m,hybrid_30_70,30,70,synthetic_internal,SYNTHIA,AR_1,pedestrian,,False,0.013012092793682067,5.251124299897283e-05,0.013111837775584034,synthetic_only,-9.974498190196655e-05
ADD,large,YOLOv8m,hybrid_30_70,30,70,synthetic_internal,SYNTHIA,AR_10,all,,False,0.271009356266429,0.0002432365335167268,0.28012982084792104,synthetic_only,-0.009120464581492016
ADD,large,YOLOv8m,hybrid_30_70,30,70,synthetic_internal,SYNTHIA,AR_10,car,,False,0.41364967779730516,0.00024340209361321116,0.426341362555567,synthetic_only,-0.012691684758261823
ADD,large,YOLOv8m,hybrid_30_70,30,70,synthetic_internal,SYNTHIA,AR_10,cyclist,,False,0.2871200412158681,0.0006849105693739019,0.30002107629619224,synthetic_only,-0.012901035080324141
ADD,large,YOLOv8m,hybrid_30_70,30,70,synthetic_internal,SYNTHIA,AR_10,pedestrian,,False,0.1122583497861138,8.109718621393898e-05,0.11402702369200395,synthetic_only,-0.001768673905890139
ADD,large,YOLOv8m,hybrid_30_70,30,70,synthetic_internal,SYNTHIA,AR_100,all,,False,0.4074724925915871,0.00030877472947309396,0.4231578898593888,synthetic_only,-0.015685397267801715
ADD,large,YOLOv8m,hybrid_30_70,30,70,synthetic_internal,SYNTHIA,AR_100,car,,False,0.5157345187635687,0.0004660158242359552,0.5328371067231813,synthetic_only,-0.017102587959612614
ADD,large,YOLOv8m,hybrid_30_70,30,70,synthetic_internal,SYNTHIA,AR_100,cyclist,,False,0.3645309353191888,0.000638670639209524,0.38338251135778184,synthetic_only,-0.018851576038593054
ADD,large,YOLOv8m,hybrid_30_70,30,70,synthetic_internal,SYNTHIA,AR_100,pedestrian,,False,0.3421520236920039,0.00043171192835406516,0.35325405149720296,synthetic_only,-0.011102027805199033
ADD,large,YOLOv8m,hybrid_50_50,50,50,real_internal,BDD,AP_50,all,,False,0.5624702258783331,0.0052764423234011775,0.13367774388849563,synthetic_only,0.42879248198983744
ADD,large,YOLOv8m,hybrid_50_50,50,50,real_internal,BDD,AP_50,car,,False,0.7378216527525462,0.0003291218127948975,0.14762909347434594,synthetic_only,0.5901925592782002
ADD,large,YOLOv8m,hybrid_50_50,50,50,real_internal,BDD,AP_50,cyclist,,False,0.37610895536370853,0.012555725579404669,0.049952013543098334,synthetic_only,0.32615694182061017
ADD,large,YOLOv8m,hybrid_50_50,50,50,real_internal,BDD,AP_50,pedestrian,,False,0.5734800695187442,0.005464961354566926,0.20345212464804271,synthetic_only,0.37002794487070145
ADD,large,YOLOv8m,hybrid_50_50,50,50,real_internal,BDD,AP_50_95,all,,False,0.3050002967158521,0.0023309547573014755,0.06171790835888493,synthetic_only,0.24328238835696717
ADD,large,YOLOv8m,hybrid_50_50,50,50,real_internal,BDD,AP_50_95,car,,False,0.44305949962052465,0.0006933747589095674,0.06890935100879973,synthetic_only,0.3741501486117249
ADD,large,YOLOv8m,hybrid_50_50,50,50,real_internal,BDD,AP_50_95,cyclist,,False,0.19215049228011927,0.0068423168327659155,0.020774704086644998,synthetic_only,0.17137578819347427
ADD,large,YOLOv8m,hybrid_50_50,50,50,real_internal,BDD,AP_50_95,pedestrian,,False,0.27979089824691256,0.0013878050678110003,0.09546966998121008,synthetic_only,0.18432122826570246
ADD,large,YOLOv8m,hybrid_50_50,50,50,real_internal,BDD,AP_75,all,,False,0.28029685601369675,0.0028035062513414614,0.04688197985228667,synthetic_only,0.23341487616141007
ADD,large,YOLOv8m,hybrid_50_50,50,50,real_internal,BDD,AP_75,car,,False,0.43879788650568646,0.002590481473415216,0.055805478413950366,synthetic_only,0.38299240809173607
ADD,large,YOLOv8m,hybrid_50_50,50,50,real_internal,BDD,AP_75,cyclist,,False,0.17189057196945842,0.010439010518738665,0.012912607751568,synthetic_only,0.15897796421789043
ADD,large,YOLOv8m,hybrid_50_50,50,50,real_internal,BDD,AP_75,pedestrian,,False,0.23020210956594536,0.003041449622291628,0.0719278533913416,synthetic_only,0.15827425617460378
ADD,large,YOLOv8m,hybrid_50_50,50,50,real_internal,BDD,AR_1,all,,False,0.113506668749096,0.002259078911717868,0.03781904904477693,synthetic_only,0.07568761970431906
ADD,large,YOLOv8m,hybrid_50_50,50,50,real_internal,BDD,AR_1,car,,False,0.07839386892870007,0.00026874155732366066,0.025585432155372862,synthetic_only,0.05280843677332721
ADD,large,YOLOv8m,hybrid_50_50,50,50,real_internal,BDD,AR_1,cyclist,,False,0.1495358649789029,0.007162066630453593,0.03358649789029534,synthetic_only,0.11594936708860756
ADD,large,YOLOv8m,hybrid_50_50,50,50,real_internal,BDD,AR_1,pedestrian,,False,0.112590272339685,0.000580360433155866,0.05428521708866263,synthetic_only,0.058305055251022364
ADD,large,YOLOv8m,hybrid_50_50,50,50,real_internal,BDD,AR_10,all,,False,0.3464516665140749,0.0024594703156546557,0.1090784413844532,synthetic_only,0.23737322512962167
ADD,large,YOLOv8m,hybrid_50_50,50,50,real_internal,BDD,AR_10,car,,False,0.41446303998951955,0.0006921025220906901,0.10223910741383636,synthetic_only,0.3122239325756832
ADD,large,YOLOv8m,hybrid_50_50,50,50,real_internal,BDD,AR_10,cyclist,,False,0.2978059071729957,0.0071126776390566795,0.07232067510548519,synthetic_only,0.22548523206751053
ADD,large,YOLOv8m,hybrid_50_50,50,50,real_internal,BDD,AR_10,pedestrian,,False,0.32708605237970934,0.0008975482715046009,0.15267554163403807,synthetic_only,0.17441051074567127
ADD,large,YOLOv8m,hybrid_50_50,50,50,real_internal,BDD,AR_100,all,,False,0.4078047738164026,0.002920346726898702,0.1572940335126356,synthetic_only,0.250510740303767
ADD,large,YOLOv8m,hybrid_50_50,50,50,real_internal,BDD,AR_100,car,,False,0.5091529383508554,0.00031722163995097515,0.15469382853524602,synthetic_only,0.35445910981560935
ADD,large,YOLOv8m,hybrid_50_50,50,50,real_internal,BDD,AR_100,cyclist,,False,0.31594936708860755,0.008536564708905013,0.09679324894514763,synthetic_only,0.21915611814345992
ADD,large,YOLOv8m,hybrid_50_50,50,50,real_internal,BDD,AR_100,pedestrian,,False,0.3983120160097451,0.00041299727786674824,0.22039502305751327,synthetic_only,0.17791699295223182
ADD,large,YOLOv8m,hybrid_50_50,50,50,synthetic_internal,SYNTHIA,AP_50,all,,False,0.5634786812807066,0.0013276324731771258,0.5951366798916754,synthetic_only,-0.03165799861096885
ADD,large,YOLOv8m,hybrid_50_50,50,50,synthetic_internal,SYNTHIA,AP_50,car,,False,0.6666726048024593,0.0005992719797740994,0.6987551533203277,synthetic_only,-0.0320825485178684
ADD,large,YOLOv8m,hybrid_50_50,50,50,synthetic_internal,SYNTHIA,AP_50,cyclist,,False,0.5114183588866228,0.0024188659240720416,0.552810657588711,synthetic_only,-0.04139229870208816
ADD,large,YOLOv8m,hybrid_50_50,50,50,synthetic_internal,SYNTHIA,AP_50,pedestrian,,False,0.5123450801530379,0.002566504030068579,0.5338442287659877,synthetic_only,-0.02149914861294977
