scenario,scale,architecture,regime,real_pct,synthetic_pct,eval_domain,eval_dataset,metric,class,seed,selected_seed,summary_value,summary_std,baseline_value,baseline_regime,delta
ADD,large,FasterRCNN,hybrid_30_70,30,70,real_internal,BDD,AP_50,all,,False,0.4176093382478759,0.003921051102664332,0.4870774362961748,real_only,-0.0694680980482989
ADD,large,FasterRCNN,hybrid_30_70,30,70,real_internal,BDD,AP_50,car,,False,0.6557566756096299,0.0016349829422160468,0.7123753190398295,real_only,-0.05661864343019962
ADD,large,FasterRCNN,hybrid_30_70,30,70,real_internal,BDD,AP_50,cyclist,,False,0.228515353313289,0.012218989211208295,0.29719370862060673,real_only,-0.06867835530731772
ADD,large,FasterRCNN,hybrid_30_70,30,70,real_internal,BDD,AP_50,pedestrian,,False,0.3685559858207088,0.004775987227326759,0.45166328122808813,real_only,-0.08310729540737932
ADD,large,FasterRCNN,hybrid_30_70,30,70,real_internal,BDD,AP_50_95,all,,False,0.19344977551747414,0.0019513859793772812,0.21669701610629621,real_only,-0.023247240588822077
ADD,large,FasterRCNN,hybrid_30_70,30,70,real_internal,BDD,AP_50_95,car,,False,0.3476484523459258,0.0011744134731571359,0.38153337450562214,real_only,-0.03388492215969635
ADD,large,FasterRCNN,hybrid_30_70,30,70,real_internal,BDD,AP_50_95,cyclist,,False,0.09303716733505353,0.006284542879299161,0.11385350349984791,real_only,-0.020816336164794377
ADD,large,FasterRCNN,hybrid_30_70,30,70,real_internal,BDD,AP_50_95,pedestrian,,False,0.13966370687144314,0.00182530146850571,0.1547041703134186,real_only,-0.01504046344197546
ADD,large,FasterRCNN,hybrid_30_70,30,70,real_internal,BDD,AP_75,all,,False,0.15669911488760394,0.0026857883107579226,0.15858756474667113,real_only,-0.0018884498590671928
ADD,large,FasterRCNN,hybrid_30_70,30,70,real_internal,BDD,AP_75,car,,False,0.33026908037391295,0.0020725026217627866,0.36119738090874304,real_only,-0.03092830053483009
ADD,large,FasterRCNN,hybrid_30_70,30,70,real_internal,BDD,AP_75,cyclist,,False,0.06454676273632247,0.007613393893571533,0.0543191300627118,real_only,0.010227632673610668
ADD,large,FasterRCNN,hybrid_30_70,30,70,real_internal,BDD,AP_75,pedestrian,,False,0.07528150155257644,0.002054393784545504,0.0602461832685586,real_only,0.015035318284017843
ADD,large,FasterRCNN,hybrid_30_70,30,70,real_internal,BDD,AR_1,all,,False,0.08280388407982617,0.00184234299624479,0.08580625160195397,real_only,-0.003002367522127805
ADD,large,FasterRCNN,hybrid_30_70,30,70,real_internal,BDD,AR_10,all,,False,0.24457569005713584,0.0013782472423500296,0.26601524434444074,real_only,-0.0214395542873049
ADD,large,FasterRCNN,hybrid_30_70,30,70,real_internal,BDD,AR_100,all,,False,0.28646617596517304,0.001176567856994917,0.3133089312061561,real_only,-0.026842755240983063
ADD,large,FasterRCNN,hybrid_30_70,30,70,synthetic_internal,SYNTHIA,AP_50,all,,False,0.41901793124075487,0.0011637659380361828,0.15953617503479542,real_only,0.2594817562059595
ADD,large,FasterRCNN,hybrid_30_70,30,70,synthetic_internal,SYNTHIA,AP_50,car,,False,0.5681064715779983,0.003034740846407323,0.2186296869979156,real_only,0.3494767845800827
ADD,large,FasterRCNN,hybrid_30_70,30,70,synthetic_internal,SYNTHIA,AP_50,cyclist,,False,0.34286447015651866,0.0004189147616604409,0.066570820479631,real_only,0.27629364967688763
ADD,large,FasterRCNN,hybrid_30_70,30,70,synthetic_internal,SYNTHIA,AP_50,pedestrian,,False,0.34608285198774763,0.00048092569903470354,0.1934080176268397,real_only,0.15267483436090792
ADD,large,FasterRCNN,hybrid_30_70,30,70,synthetic_internal,SYNTHIA,AP_50_95,all,,False,0.2269104068869626,0.0014905290856432423,0.0674667248279897,real_only,0.1594436820589729
ADD,large,FasterRCNN,hybrid_30_70,30,70,synthetic_internal,SYNTHIA,AP_50_95,car,,False,0.3482758821536455,0.002217588208563465,0.10691748759277743,real_only,0.2413583945608681
ADD,large,FasterRCNN,hybrid_30_70,30,70,synthetic_internal,SYNTHIA,AP_50_95,cyclist,,False,0.16634310347515655,0.0014556204873629201,0.023449195167762404,real_only,0.14289390830739415
ADD,large,FasterRCNN,hybrid_30_70,30,70,synthetic_internal,SYNTHIA,AP_50_95,pedestrian,,False,0.1661122350320857,0.0010142072093397064,0.07203349172342927,real_only,0.09407874330865643
ADD,large,FasterRCNN,hybrid_30_70,30,70,synthetic_internal,SYNTHIA,AP_75,all,,False,0.21319743330812999,0.00234157553085275,0.04859353626020643,real_only,0.16460389704792355
ADD,large,FasterRCNN,hybrid_30_70,30,70,synthetic_internal,SYNTHIA,AP_75,car,,False,0.36206004975353095,0.004297298190503183,0.09573469548830323,real_only,0.26632535426522774
ADD,large,FasterRCNN,hybrid_30_70,30,70,synthetic_internal,SYNTHIA,AP_75,cyclist,,False,0.13933971626327327,0.0023462751858873993,0.0097909673622669,real_only,0.12954874890100637
ADD,large,FasterRCNN,hybrid_30_70,30,70,synthetic_internal,SYNTHIA,AP_75,pedestrian,,False,0.13819253390758587,0.0017448473567933484,0.04025494593004927,real_only,0.0979375879775366
ADD,large,FasterRCNN,hybrid_30_70,30,70,synthetic_internal,SYNTHIA,AR_1,all,,False,0.03782956840098983,0.000109164785182048,0.020113259586054064,real_only,0.017716308814935768
ADD,large,FasterRCNN,hybrid_30_70,30,70,synthetic_internal,SYNTHIA,AR_10,all,,False,0.19448980905257504,0.0006421169565873181,0.07614413691993423,real_only,0.11834567213264081
ADD,large,FasterRCNN,hybrid_30_70,30,70,synthetic_internal,SYNTHIA,AR_100,all,,False,0.2712016678759586,0.001027674664768145,0.10329554476485463,real_only,0.16790612311110398
ADD,large,FasterRCNN,hybrid_50_50,50,50,real_internal,BDD,AP_50,all,,False,0.4402425166254625,0.0009994977423808198,0.4870774362961748,real_only,-0.046834919670712294
ADD,large,FasterRCNN,hybrid_50_50,50,50,real_internal,BDD,AP_50,car,,False,0.6773121485771578,0.002609594171197034,0.7123753190398295,real_only,-0.03506317046267171
ADD,large,FasterRCNN,hybrid_50_50,50,50,real_internal,BDD,AP_50,cyclist,,False,0.2466444822726609,0.000694254416372749,0.29719370862060673,real_only,-0.05054922634794584
ADD,large,FasterRCNN,hybrid_50_50,50,50,real_internal,BDD,AP_50,pedestrian,,False,0.39677091902656886,0.0007386648322631967,0.45166328122808813,real_only,-0.054892362201519274
ADD,large,FasterRCNN,hybrid_50_50,50,50,real_internal,BDD,AP_50_95,all,,False,0.20486484269672933,0.0005045188767427957,0.21669701610629621,real_only,-0.011832173409566882
ADD,large,FasterRCNN,hybrid_50_50,50,50,real_internal,BDD,AP_50_95,car,,False,0.3624209674070997,0.001230084210086734,0.38153337450562214,real_only,-0.01911240709852241
ADD,large,FasterRCNN,hybrid_50_50,50,50,real_internal,BDD,AP_50_95,cyclist,,False,0.10322084908894873,0.0016531420558887025,0.11385350349984791,real_only,-0.010632654410899181
ADD,large,FasterRCNN,hybrid_50_50,50,50,real_internal,BDD,AP_50_95,pedestrian,,False,0.14895271159413945,0.0002347121658783525,0.1547041703134186,real_only,-0.005751458719279151
ADD,large,FasterRCNN,hybrid_50_50,50,50,real_internal,BDD,AP_75,all,,False,0.16591423334890373,0.00039086232279394176,0.15858756474667113,real_only,0.0073266686022326055
ADD,large,FasterRCNN,hybrid_50_50,50,50,real_internal,BDD,AP_75,car,,False,0.3463878509626508,0.0010296687563509325,0.36119738090874304,real_only,-0.014809529946092248
ADD,large,FasterRCNN,hybrid_50_50,50,50,real_internal,BDD,AP_75,cyclist,,False,0.07092403592878727,0.002887409843204454,0.0543191300627118,real_only,0.016604905866075464
ADD,large,FasterRCNN,hybrid_50_50,50,50,real_internal,BDD,AP_75,pedestrian,,False,0.08043081315527313,0.0032176145776458753,0.0602461832685586,real_only,0.02018462988671453
ADD,large,FasterRCNN,hybrid_50_50,50,50,real_internal,BDD,AR_1,all,,False,0.08529924849431976,0.001336334861924718,0.08580625160195397,real_only,-0.000507003107634213
ADD,large,FasterRCNN,hybrid_50_50,50,50,real_internal,BDD,AR_10,all,,False,0.2545938030480486,0.0015480775700647679,0.26601524434444074,real_only,-0.011421441296392165
ADD,large,FasterRCNN,hybrid_50_50,50,50,real_internal,BDD,AR_100,all,,False,0.29795614038885493,0.0018232401782931446,0.3133089312061561,real_only,-0.015352790817301176
ADD,large,FasterRCNN,hybrid_50_50,50,50,synthetic_internal,SYNTHIA,AP_50,all,,False,0.4073984836097246,0.0006801349578555642,0.15953617503479542,real_only,0.24786230857492916
ADD,large,FasterRCNN,hybrid_50_50,50,50,synthetic_internal,SYNTHIA,AP_50,car,,False,0.5523822088882896,0.0014351114191139933,0.2186296869979156,real_only,0.33375252189037397
ADD,large,FasterRCNN,hybrid_50_50,50,50,synthetic_internal,SYNTHIA,AP_50,cyclist,,False,0.3333590161341761,0.0013732024089870131,0.066570820479631,real_only,0.26678819565454515
ADD,large,FasterRCNN,hybrid_50_50,50,50,synthetic_internal,SYNTHIA,AP_50,pedestrian,,False,0.33645422580670775,0.0007209889562532722,0.1934080176268397,real_only,0.14304620817986805
ADD,large,FasterRCNN,hybrid_50_50,50,50,synthetic_internal,SYNTHIA,AP_50_95,all,,False,0.21856352757603884,0.0006638971536743853,0.0674667248279897,real_only,0.15109680274804915
ADD,large,FasterRCNN,hybrid_50_50,50,50,synthetic_internal,SYNTHIA,AP_50_95,car,,False,0.33742120964126143,0.0015623400606818224,0.10691748759277743,real_only,0.23050372204848402
ADD,large,FasterRCNN,hybrid_50_50,50,50,synthetic_internal,SYNTHIA,AP_50_95,cyclist,,False,0.15692635469679697,0.0009282212462411539,0.023449195167762404,real_only,0.13347715952903458
ADD,large,FasterRCNN,hybrid_50_50,50,50,synthetic_internal,SYNTHIA,AP_50_95,pedestrian,,False,0.16134301839005824,0.0011288690776622937,0.07203349172342927,real_only,0.08930952666662897
ADD,large,FasterRCNN,hybrid_50_50,50,50,synthetic_internal,SYNTHIA,AP_75,all,,False,0.20281286963990217,0.0008939741388894797,0.04859353626020643,real_only,0.15421933337969573
ADD,large,FasterRCNN,hybrid_50_50,50,50,synthetic_internal,SYNTHIA,AP_75,car,,False,0.3481766340966959,0.0020371925649079006,0.09573469548830323,real_only,0.2524419386083927
ADD,large,FasterRCNN,hybrid_50_50,50,50,synthetic_internal,SYNTHIA,AP_75,cyclist,,False,0.12502625681693416,0.00044301859777127523,0.0097909673622669,real_only,0.11523528945466727
ADD,large,FasterRCNN,hybrid_50_50,50,50,synthetic_internal,SYNTHIA,AP_75,pedestrian,,False,0.1352357180060765,0.0011685158104166717,0.04025494593004927,real_only,0.09498077207602723
ADD,large,FasterRCNN,hybrid_50_50,50,50,synthetic_internal,SYNTHIA,AR_1,all,,False,0.037078452238982866,6.084392681619473e-05,0.020113259586054064,real_only,0.016965192652928802
ADD,large,FasterRCNN,hybrid_50_50,50,50,synthetic_internal,SYNTHIA,AR_10,all,,False,0.18917590960359928,0.0004313389971352652,0.07614413691993423,real_only,0.11303177268366506
ADD,large,FasterRCNN,hybrid_50_50,50,50,synthetic_internal,SYNTHIA,AR_100,all,,False,0.2635307669819886,0.00035633934853807997,0.10329554476485463,real_only,0.16023522221713393
ADD,large,FasterRCNN,hybrid_70_30,70,30,real_internal,BDD,AP_50,all,,False,0.4774077738498028,0.0010639231765818865,0.4870774362961748,real_only,-0.009669662446371963
ADD,large,FasterRCNN,hybrid_70_30,70,30,real_internal,BDD,AP_50,car,,False,0.7153518919394916,0.002135769602788104,0.7123753190398295,real_only,0.002976572899662022
ADD,large,FasterRCNN,hybrid_70_30,70,30,real_internal,BDD,AP_50,cyclist,,False,0.2817632116608127,0.006031533645501255,0.29719370862060673,real_only,-0.015430496959794038
ADD,large,FasterRCNN,hybrid_70_30,70,30,real_internal,BDD,AP_50,pedestrian,,False,0.4351082179491043,0.0038961020158908015,0.45166328122808813,real_only,-0.016555063278983817
ADD,large,FasterRCNN,hybrid_70_30,70,30,real_internal,BDD,AP_50_95,all,,False,0.21869857012404018,0.0012870546983274227,0.21669701610629621,real_only,0.0020015540177439617
ADD,large,FasterRCNN,hybrid_70_30,70,30,real_internal,BDD,AP_50_95,car,,False,0.38486701483122715,0.000666832384549131,0.38153337450562214,real_only,0.003333640325605014
ADD,large,FasterRCNN,hybrid_70_30,70,30,real_internal,BDD,AP_50_95,cyclist,,False,0.1147965946653311,0.0038425928684404265,0.11385350349984791,real_only,0.0009430911654831897
ADD,large,FasterRCNN,hybrid_70_30,70,30,real_internal,BDD,AP_50_95,pedestrian,,False,0.15643210087556222,0.0004935575443374497,0.1547041703134186,real_only,0.0017279305621436258
ADD,large,FasterRCNN,hybrid_70_30,70,30,real_internal,BDD,AP_75,all,,False,0.17180623914122492,0.0018978441630271542,0.15858756474667113,real_only,0.013218674394553792
ADD,large,FasterRCNN,hybrid_70_30,70,30,real_internal,BDD,AP_75,car,,False,0.36774503317830914,0.001341205428299667,0.36119738090874304,real_only,0.006547652269566107
ADD,large,FasterRCNN,hybrid_70_30,70,30,real_internal,BDD,AP_75,cyclist,,False,0.07300796173745473,0.006093175060171731,0.0543191300627118,real_only,0.01868883167474293
ADD,large,FasterRCNN,hybrid_70_30,70,30,real_internal,BDD,AP_75,pedestrian,,False,0.0746657225079108,0.0010060915534190285,0.0602461832685586,real_only,0.0144195392393522
ADD,large,FasterRCNN,hybrid_70_30,70,30,real_internal,BDD,AR_1,all,,False,0.09055370846180215,0.00127497879959958,0.08580625160195397,real_only,0.004747456859848176
ADD,large,FasterRCNN,hybrid_70_30,70,30,real_internal,BDD,AR_10,all,,False,0.27081158465901184,0.002795270521175884,0.26601524434444074,real_only,0.0047963403145711014
ADD,large,FasterRCNN,hybrid_70_30,70,30,real_internal,BDD,AR_100,all,,False,0.31962894436186146,0.003261947143142169,0.3133089312061561,real_only,0.006320013155705351
ADD,large,FasterRCNN,hybrid_70_30,70,30,synthetic_internal,SYNTHIA,AP_50,all,,False,0.4013194662662311,0.0003968116403414554,0.15953617503479542,real_only,0.2417832912314357
ADD,large,FasterRCNN,hybrid_70_30,70,30,synthetic_internal,SYNTHIA,AP_50,car,,False,0.5530485185506934,0.003258358205863834,0.2186296869979156,real_only,0.33441883155277774
ADD,large,FasterRCNN,hybrid_70_30,70,30,synthetic_internal,SYNTHIA,AP_50,cyclist,,False,0.31914836821612363,0.0010024762775922421,0.066570820479631,real_only,0.25257754773649266
ADD,large,FasterRCNN,hybrid_70_30,70,30,synthetic_internal,SYNTHIA,AP_50,pedestrian,,False,0.33176151203187637,0.004071231505249558,0.1934080176268397,real_only,0.13835349440503666
ADD,large,FasterRCNN,hybrid_70_30,70,30,synthetic_internal,SYNTHIA,AP_50_95,all,,False,0.21122487340991492,0.00048173653280558434,0.0674667248279897,real_only,0.1437581485819252
ADD,large,FasterRCNN,hybrid_70_30,70,30,synthetic_internal,SYNTHIA,AP_50_95,car,,False,0.3317600461320966,0.0017926313070648057,0.10691748759277743,real_only,0.22484255853931917
ADD,large,FasterRCNN,hybrid_70_30,70,30,synthetic_internal,SYNTHIA,AP_50_95,cyclist,,False,0.14802452759503928,0.0006186541511552113,0.023449195167762404,real_only,0.12457533242727688
ADD,large,FasterRCNN,hybrid_70_30,70,30,synthetic_internal,SYNTHIA,AP_50_95,pedestrian,,False,0.15389004650260893,0.0008977148386375762,0.07203349172342927,real_only,0.08185655477917966
ADD,large,FasterRCNN,hybrid_70_30,70,30,synthetic_internal,SYNTHIA,AP_75,all,,False,0.19189736691641066,0.0004310237722683811,0.04859353626020643,real_only,0.14330383065620422
ADD,large,FasterRCNN,hybrid_70_30,70,30,synthetic_internal,SYNTHIA,AP_75,car,,False,0.3401308238327158,0.0006954046549139679,0.09573469548830323,real_only,0.2443961283444126
ADD,large,FasterRCNN,hybrid_70_30,70,30,synthetic_internal,SYNTHIA,AP_75,cyclist,,False,0.11357459084841799,0.0006280433762287307,0.0097909673622669,real_only,0.1037836234861511
ADD,large,FasterRCNN,hybrid_70_30,70,30,synthetic_internal,SYNTHIA,AP_75,pedestrian,,False,0.12198668606809822,0.0009693345577733421,0.04025494593004927,real_only,0.08173174013804896
ADD,large,FasterRCNN,hybrid_70_30,70,30,synthetic_internal,SYNTHIA,AR_1,all,,False,0.036609438687031065,0.0001314471705604786,0.020113259586054064,real_only,0.016496179100977
ADD,large,FasterRCNN,hybrid_70_30,70,30,synthetic_internal,SYNTHIA,AR_10,all,,False,0.18486820889940592,0.00037867872935704207,0.07614413691993423,real_only,0.10872407197947169
ADD,large,FasterRCNN,hybrid_70_30,70,30,synthetic_internal,SYNTHIA,AR_100,all,,False,0.25926200127887816,0.0004951890541548913,0.10329554476485463,real_only,0.15596645651402352
ADD,large,FasterRCNN,real_only,100,0,real_internal,BDD,AP_50,all,,False,0.4870774362961748,0.0026205265385013956,0.4870774362961748,real_only,0.0
ADD,large,FasterRCNN,real_only,100,0,real_internal,BDD,AP_50,car,,False,0.7123753190398295,0.003082339721594521,0.7123753190398295,real_only,0.0
ADD,large,FasterRCNN,real_only,100,0,real_internal,BDD,AP_50,cyclist,,False,0.29719370862060673,0.0055362495366043304,0.29719370862060673,real_only,0.0
ADD,large,FasterRCNN,real_only,100,0,real_internal,BDD,AP_50,pedestrian,,False,0.45166328122808813,0.005820628577394834,0.45166328122808813,real_only,0.0
ADD,large,FasterRCNN,real_only,100,0,real_internal,BDD,AP_50_95,all,,False,0.21669701610629621,0.0012413970046619691,0.21669701610629621,real_only,0.0
ADD,large,FasterRCNN,real_only,100,0,real_internal,BDD,AP_50_95,car,,False,0.38153337450562214,0.0014612455361396434,0.38153337450562214,real_only,0.0
ADD,large,FasterRCNN,real_only,100,0,real_internal,BDD,AP_50_95,cyclist,,False,0.11385350349984791,0.0003670749610694219,0.11385350349984791,real_only,0.0
ADD,large,FasterRCNN,real_only,100,0,real_internal,BDD,AP_50_95,pedestrian,,False,0.1547041703134186,0.0026328894042117437,0.1547041703134186,real_only,0.0
ADD,large,FasterRCNN,real_only,100,0,real_internal,BDD,AP_75,all,,False,0.15858756474667113,0.003698112096254527,0.15858756474667113,real_only,0.0
ADD,large,FasterRCNN,real_only,100,0,real_internal,BDD,AP_75,car,,False,0.36119738090874304,0.002380906165228399,0.36119738090874304,real_only,0.0
ADD,large,FasterRCNN,real_only,100,0,real_internal,BDD,AP_75,cyclist,,False,0.0543191300627118,0.005931457954779859,0.0543191300627118,real_only,0.0
ADD,large,FasterRCNN,real_only,100,0,real_internal,BDD,AP_75,pedestrian,,False,0.0602461832685586,0.0031089838260322787,0.0602461832685586,real_only,0.0
ADD,large,FasterRCNN,real_only,100,0,real_internal,BDD,AR_1,all,,False,0.08580625160195397,0.001072442657611861,0.08580625160195397,real_only,0.0
ADD,large,FasterRCNN,real_only,100,0,real_internal,BDD,AR_10,all,,False,0.26601524434444074,0.0026880900710052245,0.26601524434444074,real_only,0.0
ADD,large,FasterRCNN,real_only,100,0,real_internal,BDD,AR_100,all,,False,0.3133089312061561,0.0008321401423655991,0.3133089312061561,real_only,0.0
ADD,large,FasterRCNN,real_only,100,0,synthetic_internal,SYNTHIA,AP_50,all,,False,0.15953617503479542,0.001983507123201536,0.15953617503479542,real_only,0.0
ADD,large,FasterRCNN,real_only,100,0,synthetic_internal,SYNTHIA,AP_50,car,,False,0.2186296869979156,0.003423651572335648,0.2186296869979156,real_only,0.0
ADD,large,FasterRCNN,real_only,100,0,synthetic_internal,SYNTHIA,AP_50,cyclist,,False,0.066570820479631,0.0018130906916558403,0.066570820479631,real_only,0.0
ADD,large,FasterRCNN,real_only,100,0,synthetic_internal,SYNTHIA,AP_50,pedestrian,,False,0.1934080176268397,0.0018335641153436315,0.1934080176268397,real_only,0.0
ADD,large,FasterRCNN,real_only,100,0,synthetic_internal,SYNTHIA,AP_50_95,all,,False,0.0674667248279897,0.0008148418460189725,0.0674667248279897,real_only,0.0
ADD,large,FasterRCNN,real_only,100,0,synthetic_internal,SYNTHIA,AP_50_95,car,,False,0.10691748759277743,0.0011473403950530744,0.10691748759277743,real_only,0.0
ADD,large,FasterRCNN,real_only,100,0,synthetic_internal,SYNTHIA,AP_50_95,cyclist,,False,0.023449195167762404,0.000954164160467423,0.023449195167762404,real_only,0.0
ADD,large,FasterRCNN,real_only,100,0,synthetic_internal,SYNTHIA,AP_50_95,pedestrian,,False,0.07203349172342927,0.001020905998267599,0.07203349172342927,real_only,0.0
ADD,large,FasterRCNN,real_only,100,0,synthetic_internal,SYNTHIA,AP_75,all,,False,0.04859353626020643,0.0015107808093548448,0.04859353626020643,real_only,0.0
ADD,large,FasterRCNN,real_only,100,0,synthetic_internal,SYNTHIA,AP_75,car,,False,0.09573469548830323,0.001087461476920551,0.09573469548830323,real_only,0.0
ADD,large,FasterRCNN,real_only,100,0,synthetic_internal,SYNTHIA,AP_75,cyclist,,False,0.0097909673622669,0.003305468148146922,0.0097909673622669,real_only,0.0
ADD,large,FasterRCNN,real_only,100,0,synthetic_internal,SYNTHIA,AP_75,pedestrian,,False,0.04025494593004927,0.0006225339156200469,0.04025494593004927,real_only,0.0
ADD,large,FasterRCNN,real_only,100,0,synthetic_internal,SYNTHIA,AR_1,all,,False,0.020113259586054064,0.00011533509899679615,0.020113259586054064,real_only,0.0
ADD,large,FasterRCNN,real_only,100,0,synthetic_internal,SYNTHIA,AR_10,all,,False,0.07614413691993423,0.0013106939492111358,0.07614413691993423,real_only,0.0
ADD,large,FasterRCNN,real_only,100,0,synthetic_internal,SYNTHIA,AR_100,all,,False,0.10329554476485463,0.001342758241573031,0.10329554476485463,real_only,0.0
ADD,large,FasterRCNN,synthetic_only,0,100,real_internal,BDD,AP_50,all,,False,0.18173503636296892,0.0064626911816537,0.4870774362961748,real_only,-0.3053423999332059
ADD,large,FasterRCNN,synthetic_only,0,100,real_internal,BDD,AP_50,car,,False,0.33129119984528266,0.009687035891622911,0.7123753190398295,real_only,-0.3810841191945469
ADD,large,FasterRCNN,synthetic_only,0,100,real_internal,BDD,AP_50,cyclist,,False,0.06298551633039473,0.008896828391200883,0.29719370862060673,real_only,-0.234208192290212
ADD,large,FasterRCNN,synthetic_only,0,100,real_internal,BDD,AP_50,pedestrian,,False,0.1509283929132293,0.010003483684345138,0.45166328122808813,real_only,-0.30073488831485884
ADD,large,FasterRCNN,synthetic_only,0,100,real_internal,BDD,AP_50_95,all,,False,0.08272704297805866,0.002286172469301102,0.21669701610629621,real_only,-0.13396997312823755
ADD,large,FasterRCNN,synthetic_only,0,100,real_internal,BDD,AP_50_95,car,,False,0.16089382840613536,0.003497166522690371,0.38153337450562214,real_only,-0.22063954609948677
ADD,large,FasterRCNN,synthetic_only,0,100,real_internal,BDD,AP_50_95,cyclist,,False,0.026165054740922733,0.001761569584863157,0.11385350349984791,real_only,-0.08768844875892517
ADD,large,FasterRCNN,synthetic_only,0,100,real_internal,BDD,AP_50_95,pedestrian,,False,0.061122245787117925,0.0034552148054144494,0.1547041703134186,real_only,-0.09358192452630068
ADD,large,FasterRCNN,synthetic_only,0,100,real_internal,BDD,AP_75,all,,False,0.06625567478785617,0.0018176142672948143,0.15858756474667113,real_only,-0.09233188995881496
ADD,large,FasterRCNN,synthetic_only,0,100,real_internal,BDD,AP_75,car,,False,0.14246602630058855,0.003868846111818564,0.36119738090874304,real_only,-0.2187313546081545
ADD,large,FasterRCNN,synthetic_only,0,100,real_internal,BDD,AP_75,cyclist,,False,0.017270310053056865,0.0017642675317448792,0.0543191300627118,real_only,-0.03704882000965494
ADD,large,FasterRCNN,synthetic_only,0,100,real_internal,BDD,AP_75,pedestrian,,False,0.03903068800992307,0.0014356430767017612,0.0602461832685586,real_only,-0.02121549525863553
ADD,large,FasterRCNN,synthetic_only,0,100,real_internal,BDD,AR_1,all,,False,0.045357936662387466,0.002435424305792305,0.08580625160195397,real_only,-0.04044831493956651
ADD,large,FasterRCNN,synthetic_only,0,100,real_internal,BDD,AR_10,all,,False,0.12861226409618384,0.004059050767469212,0.26601524434444074,real_only,-0.1374029802482569
ADD,large,FasterRCNN,synthetic_only,0,100,real_internal,BDD,AR_100,all,,False,0.15541363778681141,0.005596813203317756,0.3133089312061561,real_only,-0.1578952934193447
ADD,large,FasterRCNN,synthetic_only,0,100,synthetic_internal,SYNTHIA,AP_50,all,,False,0.42508814286996804,0.001024561708048993,0.15953617503479542,real_only,0.26555196783517265
ADD,large,FasterRCNN,synthetic_only,0,100,synthetic_internal,SYNTHIA,AP_50,car,,False,0.5792128411952718,0.00103891063870062,0.2186296869979156,real_only,0.3605831541973562
ADD,large,FasterRCNN,synthetic_only,0,100,synthetic_internal,SYNTHIA,AP_50,cyclist,,False,0.3486894166421013,0.0022621875924354125,0.066570820479631,real_only,0.28211859616247026
ADD,large,FasterRCNN,synthetic_only,0,100,synthetic_internal,SYNTHIA,AP_50,pedestrian,,False,0.347362170772531,0.00032398580489112646,0.1934080176268397,real_only,0.1539541531456913
ADD,large,FasterRCNN,synthetic_only,0,100,synthetic_internal,SYNTHIA,AP_50_95,all,,False,0.2340428678484835,0.0009620757542699434,0.0674667248279897,real_only,0.16657614302049378
ADD,large,FasterRCNN,synthetic_only,0,100,synthetic_internal,SYNTHIA,AP_50_95,car,,False,0.35862394508906853,0.0008610817630950418,0.10691748759277743,real_only,0.2517064574962911
ADD,large,FasterRCNN,synthetic_only,0,100,synthetic_internal,SYNTHIA,AP_50_95,cyclist,,False,0.17658562920135212,0.0016100110980511928,0.023449195167762404,real_only,0.15313643403358973
ADD,large,FasterRCNN,synthetic_only,0,100,synthetic_internal,SYNTHIA,AP_50_95,pedestrian,,False,0.16691902925502977,0.0005715333485847837,0.07203349172342927,real_only,0.0948855375316005
ADD,large,FasterRCNN,synthetic_only,0,100,synthetic_internal,SYNTHIA,AP_75,all,,False,0.2251906067182797,0.0010500417650075528,0.04859353626020643,real_only,0.17659707045807327
ADD,large,FasterRCNN,synthetic_only,0,100,synthetic_internal,SYNTHIA,AP_75,car,,False,0.378500673782516,0.0024961834737108014,0.09573469548830323,real_only,0.2827659782942128
ADD,large,FasterRCNN,synthetic_only,0,100,synthetic_internal,SYNTHIA,AP_75,cyclist,,False,0.1580094689011526,0.0005349203068739383,0.0097909673622669,real_only,0.14821850153888572
ADD,large,FasterRCNN,synthetic_only,0,100,synthetic_internal,SYNTHIA,AP_75,pedestrian,,False,0.1390616774711704,0.000610115377973539,0.04025494593004927,real_only,0.09880673154112113
ADD,large,FasterRCNN,synthetic_only,0,100,synthetic_internal,SYNTHIA,AR_1,all,,False,0.038624275436014495,0.00013149720260089302,0.020113259586054064,real_only,0.01851101584996043
ADD,large,FasterRCNN,synthetic_only,0,100,synthetic_internal,SYNTHIA,AR_10,all,,False,0.2000808773341121,0.00011214834464104377,0.07614413691993423,real_only,0.12393674041417786
ADD,large,FasterRCNN,synthetic_only,0,100,synthetic_internal,SYNTHIA,AR_100,all,,False,0.27926621637497107,0.0009318353241985225,0.10329554476485463,real_only,0.17597067161011642
ADD,large,YOLOv8m,hybrid_30_70,30,70,real_internal,BDD,AP_50,all,,False,0.5179485171954105,0.0015447077132127673,0.6756017794047801,real_only,-0.1576532622093696
ADD,large,YOLOv8m,hybrid_30_70,30,70,real_internal,BDD,AP_50,car,,False,0.7116037575179638,0.0004350788450600668,0.8076616934629485,real_only,-0.09605793594498468
ADD,large,YOLOv8m,hybrid_30_70,30,70,real_internal,BDD,AP_50,cyclist,,False,0.3070777324656327,0.003195174689394433,0.5521900488468222,real_only,-0.24511231638118952
ADD,large,YOLOv8m,hybrid_30_70,30,70,real_internal,BDD,AP_50,pedestrian,,False,0.5351640616026346,0.003454218815744941,0.6669535959045692,real_only,-0.13178953430193452
ADD,large,YOLOv8m,hybrid_30_70,30,70,real_internal,BDD,AP_50_95,all,,False,0.2796987102001265,0.0002894145886296596,0.3901825272119301,real_only,-0.1104838170118036
ADD,large,YOLOv8m,hybrid_30_70,30,70,real_internal,BDD,AP_50_95,car,,False,0.422894529539293,0.00019691945007005923,0.5068266123648142,real_only,-0.08393208282552117
ADD,large,YOLOv8m,hybrid_30_70,30,70,real_internal,BDD,AP_50_95,cyclist,,False,0.15808657192336914,0.0008947014722201412,0.3148415906002634,real_only,-0.15675501867689426
ADD,large,YOLOv8m,hybrid_30_70,30,70,real_internal,BDD,AP_50_95,pedestrian,,False,0.25811502913771717,0.0014191918575045604,0.3488793786707127,real_only,-0.09076434953299556
ADD,large,YOLOv8m,hybrid_30_70,30,70,real_internal,BDD,AP_75,all,,False,0.2564927639201757,0.0039497033336300495,0.38704294325413874,real_only,-0.130550179333963
ADD,large,YOLOv8m,hybrid_30_70,30,70,real_internal,BDD,AP_75,car,,False,0.4156187264722308,0.0009258630911086928,0.5133568815483929,real_only,-0.09773815507616207
ADD,large,YOLOv8m,hybrid_30_70,30,70,real_internal,BDD,AP_75,cyclist,,False,0.14195684472028788,0.014727576693686016,0.32602078402338025,real_only,-0.18406393930309237
ADD,large,YOLOv8m,hybrid_30_70,30,70,real_internal,BDD,AP_75,pedestrian,,False,0.2119027205680085,0.006717614416520858,0.3217511641906432,real_only,-0.10984844362263471
ADD,large,YOLOv8m,hybrid_30_70,30,70,real_internal,BDD,AR_1,all,,False,0.10626050482159283,0.002128610149667277,0.1428319648567438,real_only,-0.036571460035150966
ADD,large,YOLOv8m,hybrid_30_70,30,70,real_internal,BDD,AR_1,car,,False,0.07753578095830736,0.00023915286756661535,0.08159368552058423,real_only,-0.004057904562276865
ADD,large,YOLOv8m,hybrid_30_70,30,70,real_internal,BDD,AR_1,cyclist,,False,0.13518987341772146,0.006049520579923287,0.21527426160337546,real_only,-0.080084388185654
ADD,large,YOLOv8m,hybrid_30_70,30,70,real_internal,BDD,AR_1,pedestrian,,False,0.10605586008874963,0.0009997764553487656,0.1316279474462716,real_only,-0.025572087357521964
ADD,large,YOLOv8m,hybrid_30_70,30,70,real_internal,BDD,AR_10,all,,False,0.32397556233624364,0.002760823189156948,0.41780975926308556,real_only,-0.09383419692684192
ADD,large,YOLOv8m,hybrid_30_70,30,70,real_internal,BDD,AR_10,car,,False,0.3988984595901702,0.0005417205872951614,0.46186093734647754,real_only,-0.06296247775630737
ADD,large,YOLOv8m,hybrid_30_70,30,70,real_internal,BDD,AR_10,cyclist,,False,0.2643881856540084,0.00969105635102491,0.40337552742616034,real_only,-0.13898734177215194
ADD,large,YOLOv8m,hybrid_30_70,30,70,real_internal,BDD,AR_10,pedestrian,,False,0.30864004176455234,0.0017465514965617414,0.3881928130166188,real_only,-0.07955277125206645
ADD,large,YOLOv8m,hybrid_30_70,30,70,real_internal,BDD,AR_100,all,,False,0.3850204757984803,0.004849902920547525,0.4820385106794685,real_only,-0.0970180348809882
ADD,large,YOLOv8m,hybrid_30_70,30,70,real_internal,BDD,AR_100,car,,False,0.49233397744516866,0.0004561317904680232,0.5639886898328584,real_only,-0.07165471238768978
ADD,large,YOLOv8m,hybrid_30_70,30,70,real_internal,BDD,AR_100,cyclist,,False,0.2822784810126582,0.013588594329437662,0.4241350210970463,real_only,-0.14185654008438814
ADD,large,YOLOv8m,hybrid_30_70,30,70,real_internal,BDD,AR_100,pedestrian,,False,0.3804489689376142,0.0016244696301228193,0.4579918211085008,real_only,-0.07754285217088658
ADD,large,YOLOv8m,hybrid_30_70,30,70,synthetic_internal,SYNTHIA,AP_50,all,,False,0.5780425538892567,0.0004708060367101872,0.18570117325127677,real_only,0.39234138063797996
ADD,large,YOLOv8m,hybrid_30_70,30,70,synthetic_internal,SYNTHIA,AP_50,car,,False,0.6820148559428366,0.0009878828453459495,0.28947165572641037,real_only,0.39254320021642625
ADD,large,YOLOv8m,hybrid_30_70,30,70,synthetic_internal,SYNTHIA,AP_50,cyclist,,False,0.5305186246859993,0.0005894812297913278,0.08210002494858502,real_only,0.44841859973741427
ADD,large,YOLOv8m,hybrid_30_70,30,70,synthetic_internal,SYNTHIA,AP_50,pedestrian,,False,0.5215941810389341,0.0002826426420725847,0.18553183907883486,real_only,0.3360623419600992
ADD,large,YOLOv8m,hybrid_30_70,30,70,synthetic_internal,SYNTHIA,AP_50_95,all,,False,0.3780748904093703,0.0004149756557994549,0.09610737498608424,real_only,0.2819675154232861
ADD,large,YOLOv8m,hybrid_30_70,30,70,synthetic_internal,SYNTHIA,AP_50_95,car,,False,0.4850321649227461,0.0008357205119814759,0.16549364563537225,real_only,0.31953851928737387
ADD,large,YOLOv8m,hybrid_30_70,30,70,synthetic_internal,SYNTHIA,AP_50_95,cyclist,,False,0.33724219729276067,0.0006905145840459111,0.04038914135309907,real_only,0.2968530559396616
ADD,large,YOLOv8m,hybrid_30_70,30,70,synthetic_internal,SYNTHIA,AP_50_95,pedestrian,,False,0.31195030901260407,0.00027261042258764604,0.08243933796978133,real_only,0.22951097104282275
ADD,large,YOLOv8m,hybrid_30_70,30,70,synthetic_internal,SYNTHIA,AP_75,all,,False,0.38769659177295807,0.0012717875946596134,0.08700804080773154,real_only,0.3006885509652265
ADD,large,YOLOv8m,hybrid_30_70,30,70,synthetic_internal,SYNTHIA,AP_75,car,,False,0.5066886151440406,0.0018907376805956516,0.16540270829781056,real_only,0.34128590684623006
ADD,large,YOLOv8m,hybrid_30_70,30,70,synthetic_internal,SYNTHIA,AP_75,cyclist,,False,0.3489131692339746,0.00037108876407266435,0.033719844208662565,real_only,0.315193325025312
ADD,large,YOLOv8m,hybrid_30_70,30,70,synthetic_internal,SYNTHIA,AP_75,pedestrian,,False,0.30748799094085905,0.0019458564619323415,0.061901569916721404,real_only,0.24558642102413764
ADD,large,YOLOv8m,hybrid_30_70,30,70,synthetic_internal,SYNTHIA,AR_1,all,,False,0.04742246326012667,0.00011679230523286324,0.025048067351286566,real_only,0.022374395908840102
ADD,large,YOLOv8m,hybrid_30_70,30,70,synthetic_internal,SYNTHIA,AR_1,car,,False,0.07911713015610457,0.00023483545314997146,0.049605430924566596,real_only,0.02951169923153797
ADD,large,YOLOv8m,hybrid_30_70,30,70,synthetic_internal,SYNTHIA,AR_1,cyclist,,False,0.050138166830593335,0.00016689406400259322,0.016982811109549866,real_only,0.03315535572104347
ADD,large,YOLOv8m,hybrid_30_70,30,70,synthetic_internal,SYNTHIA,AR_1,pedestrian,,False,0.013012092793682067,5.251124299897283e-05,0.0085559600197433,real_only,0.004456132773938767
ADD,large,YOLOv8m,hybrid_30_70,30,70,synthetic_internal,SYNTHIA,AR_10,all,,False,0.271009356266429,0.0002432365335167268,0.09597431391792262,real_only,0.17503504234850642
ADD,large,YOLOv8m,hybrid_30_70,30,70,synthetic_internal,SYNTHIA,AR_10,car,,False,0.41364967779730516,0.00024340209361321116,0.17964437092939103,real_only,0.23400530686791413
ADD,large,YOLOv8m,hybrid_30_70,30,70,synthetic_internal,SYNTHIA,AR_10,cyclist,,False,0.2871200412158681,0.0006849105693739019,0.052074844269589166,real_only,0.23504519694627893
ADD,large,YOLOv8m,hybrid_30_70,30,70,synthetic_internal,SYNTHIA,AR_10,pedestrian,,False,0.1122583497861138,8.109718621393898e-05,0.05620372655478773,real_only,0.056054623231326074
ADD,large,YOLOv8m,hybrid_30_70,30,70,synthetic_internal,SYNTHIA,AR_100,all,,False,0.4074724925915871,0.00030877472947309396,0.14027011853271168,real_only,0.26720237405887537
ADD,large,YOLOv8m,hybrid_30_70,30,70,synthetic_internal,SYNTHIA,AR_100,car,,False,0.5157345187635687,0.0004660158242359552,0.2426410282918088,real_only,0.2730934904717599
ADD,large,YOLOv8m,hybrid_30_70,30,70,synthetic_internal,SYNTHIA,AR_100,cyclist,,False,0.3645309353191888,0.000638670639209524,0.05788253477588864,real_only,0.30664840054330017
ADD,large,YOLOv8m,hybrid_30_70,30,70,synthetic_internal,SYNTHIA,AR_100,pedestrian,,False,0.3421520236920039,0.00043171192835406516,0.12028679253043763,real_only,0.2218652311615663
ADD,large,YOLOv8m,hybrid_50_50,50,50,real_internal,BDD,AP_50,all,,False,0.5624702258783331,0.0052764423234011775,0.6756017794047801,real_only,-0.11313155352644699
ADD,large,YOLOv8m,hybrid_50_50,50,50,real_internal,BDD,AP_50,car,,False,0.7378216527525462,0.0003291218127948975,0.8076616934629485,real_only,-0.06984004071040228
ADD,large,YOLOv8m,hybrid_50_50,50,50,real_internal,BDD,AP_50,cyclist,,False,0.37610895536370853,0.012555725579404669,0.5521900488468222,real_only,-0.17608109348311368
ADD,large,YOLOv8m,hybrid_50_50,50,50,real_internal,BDD,AP_50,pedestrian,,False,0.5734800695187442,0.005464961354566926,0.6669535959045692,real_only,-0.09347352638582496
ADD,large,YOLOv8m,hybrid_50_50,50,50,real_internal,BDD,AP_50_95,all,,False,0.3050002967158521,0.0023309547573014755,0.3901825272119301,real_only,-0.08518223049607798
ADD,large,YOLOv8m,hybrid_50_50,50,50,real_internal,BDD,AP_50_95,car,,False,0.44305949962052465,0.0006933747589095674,0.5068266123648142,real_only,-0.06376711274428953
ADD,large,YOLOv8m,hybrid_50_50,50,50,real_internal,BDD,AP_50_95,cyclist,,False,0.19215049228011927,0.0068423168327659155,0.3148415906002634,real_only,-0.12269109832014413
ADD,large,YOLOv8m,hybrid_50_50,50,50,real_internal,BDD,AP_50_95,pedestrian,,False,0.27979089824691256,0.0013878050678110003,0.3488793786707127,real_only,-0.06908848042380017
ADD,large,YOLOv8m,hybrid_50_50,50,50,real_internal,BDD,AP_75,all,,False,0.28029685601369675,0.0028035062513414614,0.38704294325413874,real_only,-0.10674608724044199
ADD,large,YOLOv8m,hybrid_50_50,50,50,real_internal,BDD,AP_75,car,,False,0.43879788650568646,0.002590481473415216,0.5133568815483929,real_only,-0.07455899504270641
ADD,large,YOLOv8m,hybrid_50_50,50,50,real_internal,BDD,AP_75,cyclist,,False,0.17189057196945842,0.010439010518738665,0.32602078402338025,real_only,-0.15413021205392183
ADD,large,YOLOv8m,hybrid_50_50,50,50,real_internal,BDD,AP_75,pedestrian,,False,0.23020210956594536,0.003041449622291628,0.3217511641906432,real_only,-0.09154905462469784
ADD,large,YOLOv8m,hybrid_50_50,50,50,real_internal,BDD,AR_1,all,,False,0.113506668749096,0.002259078911717868,0.1428319648567438,real_only,-0.029325296107647794
ADD,large,YOLOv8m,hybrid_50_50,50,50,real_internal,BDD,AR_1,car,,False,0.07839386892870007,0.00026874155732366066,0.08159368552058423,real_only,-0.003199816591884161
ADD,large,YOLOv8m,hybrid_50_50,50,50,real_internal,BDD,AR_1,cyclist,,False,0.1495358649789029,0.007162066630453593,0.21527426160337546,real_only,-0.06573839662447256
ADD,large,YOLOv8m,hybrid_50_50,50,50,real_internal,BDD,AR_1,pedestrian,,False,0.112590272339685,0.000580360433155866,0.1316279474462716,real_only,-0.019037675106586605
ADD,large,YOLOv8m,hybrid_50_50,50,50,real_internal,BDD,AR_10,all,,False,0.3464516665140749,0.0024594703156546557,0.41780975926308556,real_only,-0.07135809274901067
ADD,large,YOLOv8m,hybrid_50_50,50,50,real_internal,BDD,AR_10,car,,False,0.41446303998951955,0.0006921025220906901,0.46186093734647754,real_only,-0.047397897356957985
ADD,large,YOLOv8m,hybrid_50_50,50,50,real_internal,BDD,AR_10,cyclist,,False,0.2978059071729957,0.0071126776390566795,0.40337552742616034,real_only,-0.10556962025316463
ADD,large,YOLOv8m,hybrid_50_50,50,50,real_internal,BDD,AR_10,pedestrian,,False,0.32708605237970934,0.0008975482715046009,0.3881928130166188,real_only,-0.06110676063690945
ADD,large,YOLOv8m,hybrid_50_50,50,50,real_internal,BDD,AR_100,all,,False,0.4078047738164026,0.002920346726898702,0.4820385106794685,real_only,-0.07423373686306589
ADD,large,YOLOv8m,hybrid_50_50,50,50,real_internal,BDD,AR_100,car,,False,0.5091529383508554,0.00031722163995097515,0.5639886898328584,real_only,-0.05483575148200304
ADD,large,YOLOv8m,hybrid_50_50,50,50,real_internal,BDD,AR_100,cyclist,,False,0.31594936708860755,0.008536564708905013,0.4241350210970463,real_only,-0.10818565400843877
ADD,large,YOLOv8m,hybrid_50_50,50,50,real_internal,BDD,AR_100,pedestrian,,False,0.3983120160097451,0.00041299727786674824,0.4579918211085008,real_only,-0.0596798050987557
ADD,large,YOLOv8m,hybrid_50_50,50,50,synthetic_internal,SYNTHIA,AP_50,all,,False,0.5634786812807066,0.0013276324731771258,0.18570117325127677,real_only,0.3777775080294298
ADD,large,YOLOv8m,hybrid_50_50,50,50,synthetic_internal,SYNTHIA,AP_50,car,,False,0.6666726048024593,0.0005992719797740994,0.28947165572641037,real_only,0.3772009490760489
ADD,large,YOLOv8m,hybrid_50_50,50,50,synthetic_internal,SYNTHIA,AP_50,cyclist,,False,0.5114183588866228,0.0024188659240720416,0.08210002494858502,real_only,0.42931833393803776
ADD,large,YOLOv8m,hybrid_50_50,50,50,synthetic_internal,SYNTHIA,AP_50,pedestrian,,False,0.5123450801530379,0.002566504030068579,0.18553183907883486,real_only,0.32681324107420306
ADD,large,YOLOv8m,hybrid_50_50,50,50,synthetic_internal,SYNTHIA,AP_50_95,all,,False,0.36247499786369103,0.0002478797360011278,0.09610737498608424,real_only,0.2663676228776068
ADD,large,YOLOv8m,hybrid_50_50,50,50,synthetic_internal,SYNTHIA,AP_50_95,car,,False,0.4671054072451765,0.0008012479301412819,0.16549364563537225,real_only,0.3016117616098043
ADD,large,YOLOv8m,hybrid_50_50,50,50,synthetic_internal,SYNTHIA,AP_50_95,cyclist,,False,0.31929491397063864,0.00022086307133566152,0.04038914135309907,real_only,0.27890577261753957
ADD,large,YOLOv8m,hybrid_50_50,50,50,synthetic_internal,SYNTHIA,AP_50_95,pedestrian,,False,0.3010246723752579,0.00018095081351732586,0.08243933796978133,real_only,0.21858533440547656
ADD,large,YOLOv8m,hybrid_50_50,50,50,synthetic_internal,SYNTHIA,AP_75,all,,False,0.3685203328055426,0.00100345395850011,0.08700804080773154,real_only,0.281512291997811
ADD,large,YOLOv8m,hybrid_50_50,50,50,synthetic_internal,SYNTHIA,AP_75,car,,False,0.4861047685259439,0.0011475845265092421,0.16540270829781056,real_only,0.32070206022813336
ADD,large,YOLOv8m,hybrid_50_50,50,50,synthetic_internal,SYNTHIA,AP_75,cyclist,,False,0.32631182039596024,0.0017128612817891803,0.033719844208662565,real_only,0.29259197618729765
